	[Ir. spot (1,3)] Co2p		[CoIr (20:80). spot (3,3)] Co2p		[Ir-Co 40:60 Spot (8,9) JP08] Co2p		[Ir-Co 60:40 Spot (6,2) JP08] Co2p		[CoIr (8020). spot (5,3)] Co2p		[Co Spot (5,2)] Co2p
775.125	2644.3993707	775.04	3815.64479455	775.05	4300.06593091	775.12	5735.44295347	775.115	8221.61383532	775.07	8792.79110057
775.225	2662.06956543	775.14	3774.19229296	775.15	4297.38304933	775.22	5741.51502351	775.215	8234.53819639	775.17	8787.40641983
775.325	2657.3570406	775.24	3790.26469696	775.25	4311.85800904	775.32	5728.50192086	775.315	8251.97188679	775.27	8804.92069583
775.425	2667.35609313	775.34	3803.72877159	775.35	4302.14910406	775.42	5736.60599624	775.415	8268.42008212	775.37	8800.45610961
775.525	2649.2772975	775.44	3809.51706333	775.45	4297.22033164	775.52	5744.64250006	775.515	8255.59496665	775.47	8795.66441089
775.625	2649.25703453	775.54	3809.54581444	775.55	4296.76624621	775.62	5717.36475269	775.615	8234.92252199	775.57	8779.09514079
775.725	2652.30827047	775.64	3795.12839567	775.65	4312.45680923	775.72	5742.08337159	775.715	8230.08154815	775.67	8785.44696207
775.825	2645.6184724	775.74	3799.30449215	775.75	4323.41501603	775.82	5747.43217447	775.815	8253.28040135	775.77	8793.12067276
775.925	2665.755838	775.84	3825.06696463	775.85	4306.36514001	775.92	5730.18166522	775.915	8303.02758432	775.87	8791.34389281
776.025	2655.68503563	775.94	3823.44692378	775.95	4312.01918314	776.02	5739.57962446	776.015	8272.46779635	775.97	8780.87013169
776.125	2636.08381147	776.04	3804.14018092	776.05	4317.48365823	776.12	5731.95838547	776.115	8297.02306425	776.07	8780.73629121
776.225	2663.40037647	776.14	3789.84214944	776.15	4308.20044821	776.22	5748.16904877	776.215	8261.07043069	776.17	8799.89518233
776.325	2649.81835967	776.24	3778.31540085	776.25	4303.86643664	776.32	5746.83552366	776.315	8248.34136622	776.27	8803.51094647
776.425	2636.80342537	776.34	3801.91791507	776.35	4312.61850553	776.42	5739.97681319	776.415	8264.85260849	776.37	8802.03893276
776.525	2666.57989543	776.44	3802.67239789	776.45	4326.61306129	776.52	5747.05721286	776.515	8250.00847472	776.47	8801.87832612
776.625	2676.15367127	776.54	3773.71613763	776.55	4306.07504258	776.62	5759.43180214	776.615	8231.66543339	776.57	8806.40355748
776.725	2668.3656523	776.64	3781.24159696	776.65	4302.76319028	776.72	5738.32034037	776.715	8246.07492375	776.67	8809.98621207
776.825	2650.66349527	776.74	3814.23073122	776.75	4306.97097963	776.82	5734.30617154	776.815	8246.81272392	776.77	8789.27794577
776.925	2624.28928813	776.84	3798.49735137	776.85	4314.98549506	776.92	5737.71549039	776.915	8263.51134102	776.87	8772.36650673
777.025	2656.1178009	776.94	3788.80136481	776.95	4316.77938718	777.02	5747.18706424	777.015	8272.67406652	776.97	8787.72225713
777.125	2675.2112989	777.04	3798.94378948	777.05	4323.18181331	777.12	5749.73744521	777.115	8247.32466462	777.07	8788.96498132
777.225	2656.34201757	777.14	3800.26670144	777.15	4332.37083074	777.22	5749.20681637	777.215	8253.73188109	777.17	8798.40017881
777.325	2624.64099763	777.24	3828.84232155	777.25	4307.40348514	777.32	5755.85556106	777.315	8252.22048089	777.27	8814.1750298
777.425	2648.55106567	777.34	3829.43111881	777.35	4309.90002439	777.42	5755.17615469	777.415	8254.46171555	777.37	8806.46099551
777.525	2675.4754065	777.44	3801.1556557	777.45	4304.37139051	777.52	5757.89025946	777.515	8264.31251982	777.47	8787.67998564
777.625	2670.56489557	777.54	3827.37678396	777.55	4318.78169168	777.62	5755.08890949	777.615	8254.52316729	777.57	8772.86333447
777.725	2653.18827517	777.64	3840.75763326	777.65	4317.59802893	777.72	5771.54990172	777.715	8256.21063009	777.67	8806.31120657
777.825	2684.33508973	777.74	3834.85785737	777.75	4308.76897861	777.82	5775.57923212	777.815	8280.08588609	777.77	8801.16878119
777.925	2675.44108483	777.84	3832.32950055	777.85	4327.45909171	777.92	5771.20660607	777.915	8279.59225179	777.87	8790.70477513
778.025	2653.86145167	777.94	3799.80885159	777.95	4319.79630136	778.02	5774.21040461	778.015	8276.06140895	777.97	8789.88926913
778.125	2669.77163963	778.04	3822.68723463	778.05	4327.61439118	778.12	5762.65162214	778.115	8269.94432862	778.07	8802.88610559
778.225	2682.62858167	778.14	3845.76657355	778.15	4346.93066713	778.22	5772.18637709	778.215	8284.45165785	778.17	8786.14054503
778.325	2647.84718963	778.24	3829.82911596	778.25	4334.15680266	778.32	5785.03453197	778.315	8242.68195225	778.27	8798.78467081
778.425	2633.0566942	778.34	3837.34180407	778.35	4342.53351209	778.42	5784.94529162	778.415	8267.69463729	778.37	8810.24762084
778.525	2648.32881343	778.44	3818.72912915	778.45	4338.31867511	778.52	5785.57852754	778.515	8242.33915325	778.47	8800.36414201
778.625	2667.43535893	778.54	3842.02123778	778.55	4332.17798328	778.62	5778.77684606	778.615	8273.34578159	778.57	8804.52842561
778.725	2635.28020757	778.64	3844.95267659	778.65	4347.54690464	778.72	5777.66428166	778.715	8273.79229339	778.67	8807.42877953
778.825	2630.82432957	778.74	3850.92316292	778.75	4354.03865576	778.82	5796.91771191	778.815	8277.50638099	778.77	8803.77714313
778.925	2660.68123233	778.84	3852.55493089	778.85	4348.56363856	778.92	5790.43813432	778.915	8297.49812599	778.87	8806.41386529
779.025	2652.4783788	778.94	3830.39433848	778.95	4353.94325138	779.02	5797.96641581	779.015	8300.13826505	778.97	8788.99224028
779.125	2664.6432697	779.04	3808.25568181	779.05	4342.94977963	779.12	5788.12774916	779.115	8286.53536019	779.07	8807.54661329
779.225	2676.7412552	779.14	3849.73590915	779.15	4340.57674811	779.22	5781.78847371	779.215	8292.33572245	779.17	8792.18619665
779.325	2662.9695356	779.24	3849.26153755	779.25	4350.15263791	779.32	5800.56192847	779.315	8263.76974222	779.27	8802.31757628
779.425	2654.01553713	779.34	3836.79158611	779.35	4368.38749461	779.42	5830.68736144	779.415	8248.81469805	779.37	8803.53745404
779.525	2677.73512863	779.44	3882.26069085	779.45	4350.95742658	779.52	5816.58203056	779.515	8283.15106792	779.47	8825.74100191
779.625	2646.65633313	779.54	3837.12706167	779.55	4345.77219306	779.62	5825.51222081	779.615	8279.11251095	779.57	8827.45441836
779.725	2665.59550517	779.64	3834.2583117	779.65	4356.86839049	779.72	5833.47853641	779.715	8279.21915762	779.67	8810.80742041
779.825	2652.5085663	779.74	3861.95641515	779.75	4367.46412024	779.82	5845.68735331	779.815	8297.82685149	779.77	8809.59581697
779.925	2650.14705503	779.84	3845.36219544	779.85	4358.49768883	779.92	5849.36365997	779.915	8288.25443369	779.87	8817.37355692
780.025	2656.26671107	779.94	3894.91753055	779.95	4364.49061624	780.02	5865.37685364	780.015	8289.89056599	779.97	8812.21639681
780.125	2625.83984113	780.04	3896.89019222	780.05	4356.79626836	780.12	5876.78303887	780.115	8278.56246549	780.07	8837.31949073
780.225	2654.53538667	780.14	3881.99116018	780.15	4365.64941524	780.22	5871.97761826	780.215	8280.51783659	780.17	8835.31336007
780.325	2661.57388513	780.24	3881.58921778	780.25	4378.98596728	780.32	5876.13538116	780.315	8284.06087835	780.27	8841.98305167
780.425	2653.61718907	780.34	3889.54282222	780.35	4386.56990714	780.42	5882.89231454	780.415	8288.20661032	780.37	8828.17908767
780.525	2627.7298005	780.44	3867.50253426	780.45	4361.83017266	780.52	5865.89291634	780.515	8298.68251582	780.47	8827.16537292
780.625	2627.68262243	780.54	3872.56036967	780.55	4357.94430786	780.62	5870.73883709	780.615	8275.77482835	780.57	8840.40323425
780.725	2653.90696813	780.64	3872.08244304	780.65	4377.52402954	780.72	5887.61917667	780.715	8304.26433159	780.67	8849.85206207
780.825	2662.57535933	780.74	3894.39098178	780.75	4380.91337454	780.82	5885.46068151	780.815	8312.27468025	780.77	8853.47721529
780.925	2647.93672443	780.84	3897.84873915	780.85	4378.74328501	780.92	5878.32504107	780.915	8304.92491415	780.87	8865.75983969
781.025	2641.4793189	780.94	3896.89852637	780.95	4366.66634628	781.02	5885.57888271	781.015	8348.28837045	780.97	8854.35787017
781.125	2652.44181823	781.04	3850.18668733	781.05	4386.88066979	781.12	5868.55656732	781.115	8341.44681765	781.07	8870.51381556
781.225	2673.35205993	781.14	3866.66680207	781.15	4379.47328109	781.22	5868.04013164	781.215	8346.13013389	781.17	8849.70945823
781.325	2659.08726107	781.24	3881.295157	781.25	4373.26913186	781.32	5885.44977139	781.315	8332.27504945	781.27	8851.51071372
781.425	2656.69139407	781.34	3885.25583681	781.35	4356.06479033	781.42	5872.35569672	781.415	8326.22696155	781.37	8853.04575924
781.525	2632.6282917	781.44	3849.67199055	781.45	4341.75975754	781.52	5866.22935147	781.515	8354.57279325	781.47	8860.3744814
781.625	2606.82077003	781.54	3838.93866992	781.55	4358.84114304	781.62	5867.90631027	781.615	8345.20075032	781.57	8858.72882916
781.725	2625.62528067	781.64	3870.96996496	781.65	4347.35314751	781.72	5852.37347816	781.715	8326.51323032	781.67	8867.03530207
781.825	2634.84294127	781.74	3871.35490763	781.75	4344.22517099	781.82	5855.07191847	781.815	8313.36190175	781.77	8862.56571527
781.925	2645.7898854	781.84	3880.5415307	781.85	4364.32506069	781.92	5868.57756237	781.915	8302.91812315	781.87	8863.78730652
782.025	2663.13469213	781.94	3859.66684641	781.95	4356.84251714	782.02	5855.61772892	782.015	8329.75988062	781.97	8842.03615807
782.125	2634.20590797	782.04	3877.31134096	782.05	4356.82596874	782.12	5856.95054469	782.115	8320.72783665	782.07	8860.41199631
782.225	2681.1754373	782.14	3869.21342192	782.15	4357.59458718	782.22	5865.39602969	782.215	8333.42561819	782.17	8846.23927015
782.325	2633.96450117	782.24	3846.82776963	782.25	4360.07537309	782.32	5856.07986072	782.315	8329.77343725	782.27	8859.96369713
782.425	2648.47942557	782.34	3871.79475322	782.35	4354.20691198	782.42	5855.86963177	782.415	8310.61721712	782.37	8863.43102425
782.525	2645.23085083	782.44	3874.19558004	782.45	4348.03815469	782.52	5858.63579177	782.515	8316.93566652	782.47	8860.17296487
782.625	2645.0351952	782.54	3864.8030157	782.55	4349.98454704	782.62	5847.42149621	782.615	8310.81441129	782.57	8852.09661497
782.725	2613.86999797	782.64	3850.80577752	782.65	4371.74089316	782.72	5827.71023379	782.715	8317.28613542	782.67	8877.10213548
782.825	2648.81309877	782.74	3849.80701574	782.75	4356.19629869	782.82	5817.69674026	782.815	8296.55677169	782.77	8845.38199473
782.925	2671.8068588	782.84	3868.41688785	782.85	4353.84826548	782.92	5822.64747132	782.915	8300.91237949	782.87	8839.44282313
783.025	2616.0797204	782.94	3862.88409574	782.95	4352.97397739	783.02	5844.57023387	783.015	8294.15575822	782.97	8844.61120815
783.125	2654.37241793	783.04	3858.24603892	783.05	4349.54185099	783.12	5840.56839074	783.115	8318.40925092	783.07	8844.72004065
783.225	2658.61112113	783.14	3833.56685248	783.15	4341.30822663	783.22	5833.48206901	783.215	8305.84844105	783.17	8845.80645777
783.325	2617.53209533	783.24	3843.76150867	783.25	4349.99657353	783.32	5840.26911316	783.315	8297.43241052	783.27	8852.01186868
783.425	2635.93086527	783.34	3853.88663126	783.35	4343.76833159	783.42	5828.34029224	783.415	8295.97917065	783.37	8840.89407841
783.525	2651.41228887	783.44	3855.89510685	783.45	4343.02337438	783.52	5830.39224937	783.515	8272.98421412	783.47	8856.74667703
783.625	2622.25341517	783.54	3872.52837655	783.55	4331.00680946	783.62	5831.82284412	783.615	8288.23288259	783.57	8850.85012873
783.725	2627.69734397	783.64	3856.20335081	783.65	4348.82801938	783.72	5823.08053971	783.715	8296.40908265	783.67	8846.26901279
783.825	2628.95810813	783.74	3838.18646878	783.75	4341.15262299	783.82	5820.24236437	783.815	8320.01693725	783.77	8844.96386092
783.925	2631.10833227	783.84	3853.18002904	783.85	4348.32033206	783.92	5831.42131412	783.915	8294.94575942	783.87	8845.66784271
784.025	2666.18278893	783.94	3837.95650755	783.95	4329.43327563	784.02	5820.90106234	784.015	8308.39577339	783.97	8830.1322514
784.125	2633.06280507	784.04	3840.01203407	784.05	4348.34732853	784.12	5822.43621789	784.115	8330.85517792	784.07	8827.00333937
784.225	2622.26444567	784.14	3850.11190929	784.15	4348.46362656	784.22	5820.10773777	784.215	8303.57187642	784.17	8854.19683495
784.325	2619.45025663	784.24	3841.04328633	784.25	4347.32905943	784.32	5835.71064824	784.315	8296.64054962	784.27	8846.5598194
784.425	2624.5514335	784.34	3844.73190937	784.35	4343.28160321	784.42	5833.73373766	784.415	8300.27534949	784.37	8847.01664836
784.525	2601.7127832	784.44	3836.83604185	784.45	4340.36552881	784.52	5821.44750299	784.515	8284.80727425	784.47	8841.836487
784.625	2610.85150817	784.54	3849.78616567	784.55	4360.26653941	784.62	5814.35026051	784.615	8279.03771062	784.57	8819.38131892
784.725	2633.8961656	784.64	3830.68965085	784.65	4356.38157863	784.72	5821.94374287	784.715	8282.29414515	784.67	8806.67739729
784.825	2637.29135287	784.74	3829.49464918	784.75	4348.68063953	784.82	5818.69506244	784.815	8278.60608952	784.77	8819.38563871
784.925	2660.1380868	784.84	3807.39085967	784.85	4341.54833228	784.92	5813.75973774	784.915	8282.82076132	784.87	8823.63035284
785.025	2633.7239481	784.94	3860.73971607	784.95	4344.80083684	785.02	5823.43022061	785.015	8312.59442695	784.97	8830.98572463
785.125	2627.85339783	785.04	3846.44342929	785.05	4344.99488738	785.12	5821.82119219	785.115	8314.57899529	785.07	8813.55249596
785.225	2645.26907813	785.14	3837.58568581	785.15	4347.63397266	785.22	5822.64263917	785.215	8289.87679149	785.17	8826.742333
785.325	2634.02857897	785.24	3850.07573307	785.25	4344.12844206	785.32	5811.31537442	785.315	8277.79331502	785.27	8805.14488164
785.425	2608.1501256	785.34	3833.94587181	785.35	4338.31686919	785.42	5810.70931826	785.415	8306.11653562	785.37	8834.18092764
785.525	2620.0091591	785.44	3831.94379107	785.45	4344.58369259	785.52	5818.29130114	785.515	8308.98800089	785.47	8821.46529001
785.625	2666.36657237	785.54	3822.78905033	785.55	4354.73063578	785.62	5821.96068442	785.615	8291.50461315	785.57	8838.88742785
785.725	2627.97493213	785.64	3849.74627448	785.65	4333.21056619	785.72	5827.07381851	785.715	8272.10550125	785.67	8832.84211167
785.825	2617.0117783	785.74	3815.06486685	785.75	4334.75570241	785.82	5807.63084254	785.815	8299.07151795	785.77	8819.599185
785.925	2625.55870477	785.84	3796.95069304	785.85	4340.18095921	785.92	5814.78783269	785.915	8274.42203615	785.87	8854.67235647
786.025	2625.1326651	785.94	3810.64157826	785.95	4340.14560391	786.02	5825.18859956	786.015	8286.37666682	785.97	8843.96894567
786.125	2632.83908407	786.04	3830.62690518	786.05	4343.15434706	786.12	5817.47508901	786.115	8298.18282575	786.07	8833.42023433
786.225	2614.58714963	786.14	3800.50885878	786.15	4346.75699859	786.22	5808.46847186	786.215	8295.80472989	786.17	8818.26487641
786.325	2645.1816524	786.24	3808.78982948	786.25	4334.68932276	786.32	5812.26803804	786.315	8301.01584665	786.27	8831.27521623
786.425	2631.91342737	786.34	3833.58228807	786.35	4332.49103023	786.42	5801.74807964	786.415	8280.98299422	786.37	8811.96107084
786.525	2646.71853763	786.44	3815.03176411	786.45	4334.27057103	786.52	5807.91013336	786.515	8272.28062432	786.47	8824.99679993
786.625	2659.78202423	786.54	3848.50171704	786.55	4323.20681649	786.62	5806.03593807	786.615	8292.16717255	786.57	8827.84630041
786.725	2647.04825467	786.64	3854.34263548	786.65	4331.90623679	786.72	5806.30104326	786.715	8289.55433039	786.67	8832.88878607
786.825	2651.6045332	786.74	3828.47996437	786.75	4340.59967849	786.82	5818.90759971	786.815	8278.65175355	786.77	8813.83584751
786.925	2634.1430886	786.84	3840.89443792	786.85	4344.19316141	786.92	5806.47353136	786.915	8268.18899722	786.87	8831.19512287
787.025	2644.6395574	786.94	3836.07095015	786.95	4337.04557041	787.02	5793.73956242	787.015	8264.92986239	786.97	8834.11205807
787.125	2594.75821767	787.04	3809.19266329	787.05	4332.22968874	787.12	5812.68997952	787.115	8307.56085842	787.07	8831.15058212
787.225	2629.31187607	787.14	3809.79061348	787.15	4333.39035543	787.22	5823.30728671	787.215	8265.66839415	787.17	8846.698647
787.325	2613.77903527	787.24	3819.84928274	787.25	4328.68227814	787.32	5801.61108362	787.315	8284.78431959	787.27	8822.16105951
787.425	2623.89929297	787.34	3825.91253363	787.35	4319.41248896	787.42	5799.65101676	787.415	8289.33945252	787.37	8825.64540559
787.525	2650.75641913	787.44	3831.31208941	787.45	4338.15236141	787.52	5803.24099554	787.515	8267.96262825	787.47	8817.78555793
787.625	2636.6389463	787.54	3816.87846518	787.55	4337.48187693	787.62	5806.39345224	787.615	8297.75571009	787.57	8829.08856673
787.725	2634.7994459	787.64	3832.71557663	787.65	4325.96273763	787.72	5800.87975219	787.715	8307.88588292	787.67	8818.52074679
787.825	2636.04523373	787.74	3814.95938852	787.75	4321.59322683	787.82	5793.34029952	787.815	8246.88681862	787.77	8822.78023172
787.925	2625.74667843	787.84	3802.81634785	787.85	4321.82877178	787.92	5786.43975681	787.915	8277.79311812	787.87	8816.92214591
788.025	2620.39522583	787.94	3833.10212518	787.95	4336.09603469	788.02	5794.22670516	788.015	8282.21007845	787.97	8788.44491545
788.125	2631.61838617	788.04	3825.23676152	788.05	4338.47586299	788.12	5782.62757554	788.115	8290.70145035	788.07	8827.60544647
788.225	2593.13181537	788.14	3809.52564448	788.15	4337.83961208	788.22	5775.02096627	788.215	8298.34840419	788.17	8820.82098657
788.325	2631.9330458	788.24	3804.08339359	788.25	4329.62114263	788.32	5785.66873102	788.315	8266.61133545	788.27	8830.14633796
788.425	2627.5132837	788.34	3812.36570433	788.35	4334.15026494	788.42	5772.64091786	788.415	8278.58639665	788.37	8822.17773817
788.525	2627.8919971	788.44	3814.83272144	788.45	4343.67618841	788.52	5779.29586011	788.515	8285.67020382	788.47	8821.74046393
788.625	2614.1911025	788.54	3826.87840422	788.55	4330.70391981	788.62	5776.65909199	788.615	8281.47514042	788.57	8828.18156569
788.725	2622.71871597	788.64	3806.85901807	788.65	4328.44439766	788.72	5789.44645557	788.715	8288.99604879	788.67	8792.03690276
788.825	2624.163029	788.74	3817.06247548	788.75	4343.31869749	788.82	5781.87062097	788.815	8266.13585832	788.77	8815.64523036
788.925	2613.7181114	788.84	3788.92331692	788.85	4331.06171981	788.92	5782.72632421	788.915	8254.27679169	788.87	8822.34547428
789.025	2639.77058763	788.94	3786.43210337	788.95	4312.85198346	789.02	5789.06921196	789.015	8264.33334602	788.97	8799.07796652
789.125	2622.19055813	789.04	3813.09782418	789.05	4317.47391098	789.12	5777.85075034	789.115	8295.45437662	789.07	8807.33794593
789.225	2627.53877027	789.14	3821.48706163	789.15	4335.10475669	789.22	5771.25187959	789.215	8275.74464005	789.17	8809.66287497
789.325	2612.72884717	789.24	3817.44428374	789.25	4327.56745258	789.32	5775.71249074	789.315	8261.75047492	789.27	8810.79995471
789.425	2631.8227384	789.34	3838.44270448	789.35	4335.61861459	789.42	5783.84094684	789.415	8259.52822045	789.37	8809.38122532
789.525	2628.92108337	789.44	3836.22492511	789.45	4317.68459946	789.52	5783.07020616	789.515	8235.99600902	789.47	8816.57583657
789.625	2607.07303503	789.54	3775.82860152	789.55	4337.13870369	789.62	5778.77119357	789.615	8239.09620689	789.57	8824.96632783
789.725	2608.11135993	789.64	3781.78940641	789.65	4319.03902056	789.72	5763.52552446	789.715	8281.58598355	789.67	8823.60519303
789.825	2615.02545037	789.74	3792.38063492	789.75	4332.21838093	789.82	5776.77534952	789.815	8291.72389752	789.77	8814.08230644
789.925	2608.3601997	789.84	3792.11670529	789.85	4309.32935571	789.92	5786.51633507	789.915	8277.58022585	789.87	8811.64921799
790.025	2584.99269723	789.94	3808.16311711	789.95	4321.87739878	790.02	5764.91028462	790.015	8257.25550415	789.97	8819.71875516
790.125	2614.9317269	790.04	3783.04959111	790.05	4330.88870729	790.12	5781.93857656	790.115	8268.28895939	790.07	8814.27870673
790.225	2615.9132046	790.14	3784.03261592	790.15	4322.95480464	790.22	5770.34204926	790.215	8299.84872979	790.17	8813.04054335
790.325	2628.13697337	790.24	3791.27862655	790.25	4326.44067806	790.32	5778.16468674	790.315	8267.05610339	790.27	8822.46966767
790.425	2621.46199	790.34	3767.50309315	790.35	4337.67301343	790.42	5787.84017492	790.415	8273.46547095	790.37	8817.44675351
790.525	2635.8708855	790.44	3816.29582655	790.45	4320.14918443	790.52	5774.59320264	790.515	8255.23915682	790.47	8804.33958247
790.625	2620.2189682	790.54	3832.20069774	790.55	4321.07020868	790.62	5774.16966804	790.615	8242.76408059	790.57	8822.0473646
790.725	2597.25798453	790.64	3782.48486385	790.65	4313.45668943	790.72	5783.57541111	790.715	8267.71291692	790.67	8818.72534777
790.825	2580.44656063	790.74	3790.11687833	790.75	4312.84613526	790.82	5768.99824217	790.815	8249.01799825	790.77	8816.91495497
790.925	2592.81968997	790.84	3797.73224078	790.85	4330.24000523	790.92	5771.13830342	790.915	8256.35942019	790.87	8817.33440113
791.025	2641.78131373	790.94	3784.64789526	790.95	4339.03096841	791.02	5769.41040467	791.015	8276.35837542	790.97	8801.43144271
791.125	2597.81519387	791.04	3816.23836085	791.05	4331.75301118	791.12	5779.52177266	791.115	8263.09842202	791.07	8803.25994596
791.225	2601.45374207	791.14	3783.78252281	791.15	4333.82842981	791.22	5769.20846444	791.215	8242.98846175	791.17	8821.32363257
791.325	2630.17508477	791.24	3794.01033467	791.25	4328.79425698	791.32	5770.66894967	791.315	8287.64454612	791.27	8816.6071734
791.425	2615.1248454	791.34	3822.85847526	791.35	4313.24842359	791.42	5784.66582362	791.415	8261.05983989	791.37	8806.470535
791.525	2609.59058557	791.44	3823.91865289	791.45	4326.51648453	791.52	5774.20554347	791.515	8285.33712135	791.47	8818.52387689
791.625	2607.79627483	791.54	3804.38728841	791.55	4317.45246056	791.62	5771.02119809	791.615	8244.83527715	791.57	8812.53546836
791.725	2647.09916743	791.64	3782.491632	791.65	4314.02320378	791.72	5768.16547554	791.715	8241.47982239	791.67	8816.40562071
791.825	2612.53174117	791.74	3766.48877118	791.75	4309.47181543	791.82	5778.33390059	791.815	8250.45641825	791.77	8810.03990521
791.925	2616.92607077	791.84	3802.98179681	791.85	4321.55458406	791.92	5775.18808759	791.915	8232.46705372	791.87	8808.39804417
792.025	2609.24764327	791.94	3804.12328933	791.95	4323.47972526	792.02	5766.88475222	792.015	8266.45796115	791.97	8787.11125956
792.125	2633.7977639	792.04	3786.47594092	792.05	4321.03826648	792.12	5750.90036949	792.115	8269.63680959	792.07	8800.16398775
792.225	2608.0388119	792.14	3781.92646815	792.15	4329.87290914	792.22	5767.52434257	792.215	8259.60676522	792.17	8809.94390484
792.325	2621.6594321	792.24	3801.63749559	792.25	4316.11862969	792.32	5774.34655467	792.315	8272.82234755	792.27	8804.77212292
792.425	2589.75427463	792.34	3802.11494655	792.35	4315.40924153	792.42	5767.56104211	792.415	8262.94673942	792.37	8788.33753257
792.525	2595.18878683	792.44	3779.28659837	792.45	4317.99918566	792.52	5772.33266249	792.515	8286.83451795	792.47	8809.05684207
792.625	2593.95901843	792.54	3796.55406778	792.55	4322.90939008	792.62	5767.45742407	792.615	8268.05497882	792.57	8808.72022255
792.725	2621.20698977	792.64	3811.35804896	792.65	4319.89124274	792.72	5772.96031146	792.715	8229.86685472	792.67	8809.66739121
792.825	2621.17832003	792.74	3785.82877981	792.75	4320.51467561	792.82	5781.79240284	792.815	8262.68681629	792.77	8811.08013543
792.925	2616.39140057	792.84	3774.55832767	792.85	4310.33228206	792.92	5762.11256306	792.915	8260.45802355	792.87	8815.28984844
793.025	2608.63585383	792.94	3790.94972481	792.95	4320.51168703	793.02	5775.63967026	793.015	8257.22268352	792.97	8802.75943847
793.125	2610.7517346	793.04	3815.36724411	793.05	4333.58820878	793.12	5788.41311432	793.115	8248.09634515	793.07	8795.92930476
793.225	2632.1749793	793.14	3800.66189504	793.15	4336.02589989	793.22	5776.58230202	793.215	8271.32268095	793.17	8809.537229
793.325	2586.65926867	793.24	3797.51176441	793.25	4333.66468536	793.32	5773.75217384	793.315	8258.41011322	793.27	8814.28513564
793.425	2605.55425067	793.34	3800.04903985	793.35	4329.59149971	793.42	5781.34873896	793.415	8240.32349099	793.37	8797.89704676
793.525	2586.2480738	793.44	3788.12014526	793.45	4325.98633331	793.52	5779.95724906	793.515	8250.77680925	793.47	8801.14063521
793.625	2603.4854928	793.54	3768.53281907	793.55	4341.94354543	793.62	5788.18057437	793.615	8282.75116539	793.57	8800.07708407
793.725	2600.85464637	793.64	3791.23771544	793.65	4342.18648248	793.72	5786.33880589	793.715	8249.07533335	793.67	8807.24938412
793.825	2582.9108466	793.74	3804.59553952	793.75	4320.41376864	793.82	5792.17932407	793.815	8248.86007119	793.77	8796.70710452
793.925	2608.42650387	793.84	3809.58036718	793.85	4330.72848958	793.92	5774.22272147	793.915	8251.99389712	793.87	8797.16013831
794.025	2615.50384187	793.94	3787.3232757	793.95	4348.00310346	794.02	5799.68311581	794.015	8252.39200759	793.97	8789.40010481
794.125	2640.4102072	794.04	3797.93689037	794.05	4325.56635816	794.12	5781.17980296	794.115	8248.31644505	794.07	8809.97528129
794.225	2584.09489643	794.14	3816.50295207	794.15	4340.45988163	794.22	5779.46952472	794.215	8265.88682772	794.17	8810.40657257
794.325	2613.08905243	794.24	3802.03838396	794.25	4334.75022243	794.32	5794.95146241	794.315	8255.75406045	794.27	8802.93498329
794.425	2587.08635153	794.34	3817.12556981	794.35	4324.48934794	794.42	5802.93114721	794.415	8303.70382692	794.37	8804.81348705
794.525	2582.64593887	794.44	3805.33417959	794.45	4338.24902003	794.52	5788.17945134	794.515	8259.00552925	794.47	8782.89093345
794.625	2614.86835913	794.54	3820.52060429	794.55	4342.79767401	794.62	5792.24003621	794.615	8263.52378815	794.57	8809.66561903
794.725	2595.3021763	794.64	3792.77768685	794.65	4330.13475264	794.72	5798.73077076	794.715	8254.63277889	794.67	8800.21312204
794.825	2571.1190009	794.74	3778.85775055	794.75	4332.46094851	794.82	5789.42063287	794.815	8263.06052792	794.77	8812.96899641
794.925	2578.24564733	794.84	3814.8835247	794.85	4332.42997918	794.92	5793.68573774	794.915	8265.63235345	794.87	8838.53522263
795.025	2601.058422	794.94	3829.49592789	794.95	4337.78371466	795.02	5801.42786164	795.015	8246.73595969	794.97	8838.14830769
795.125	2600.92501203	795.04	3820.00749363	795.05	4345.05214551	795.12	5802.53576479	795.115	8242.45609792	795.07	8828.77896484
795.225	2609.70592103	795.14	3821.77584926	795.15	4342.94327329	795.22	5812.82874244	795.215	8293.21963565	795.17	8825.89993801
795.325	2587.50443847	795.24	3807.94750474	795.25	4345.22697191	795.32	5818.77245994	795.315	8254.75590525	795.27	8817.70614892
795.425	2578.41556167	795.34	3803.62689326	795.35	4356.55987983	795.42	5824.47860129	795.415	8271.07858892	795.37	8797.41456305
795.525	2587.935265	795.44	3809.87256204	795.45	4357.30563088	795.52	5834.90934502	795.515	8290.16572555	795.47	8817.83034292
795.625	2617.32865437	795.54	3820.11088604	795.55	4362.36224414	795.62	5831.57430936	795.615	8281.87507242	795.57	8826.55921511
795.725	2655.1253621	795.64	3819.734732	795.65	4356.50013664	795.72	5823.89492784	795.715	8283.84576215	795.67	8835.17187745
795.825	2617.1582367	795.74	3805.04499959	795.75	4358.13037941	795.82	5826.97215034	795.815	8281.88858542	795.77	8817.42101079
795.925	2600.69438137	795.84	3830.02301459	795.85	4339.58316871	795.92	5825.10081242	795.915	8264.41740039	795.87	8800.32665001
796.025	2601.25829217	795.94	3830.4955327	795.95	4333.48540018	796.02	5837.90582617	796.015	8259.58879729	795.97	8812.06472369
796.125	2616.62297807	796.04	3852.073913	796.05	4342.11875741	796.12	5842.15382619	796.115	8264.10062249	796.07	8808.49900913
796.225	2584.87640343	796.14	3830.16553622	796.15	4356.26310174	796.22	5815.20908727	796.215	8300.12896459	796.17	8816.24395484
796.325	2584.57067217	796.24	3838.93705444	796.25	4343.38158539	796.32	5833.06218204	796.315	8289.43811142	796.27	8837.56355308
796.425	2583.80874027	796.34	3816.65355692	796.35	4354.67133938	796.42	5830.15336799	796.415	8261.16641115	796.37	8841.52981287
796.525	2601.1609057	796.44	3813.12873407	796.45	4357.04554331	796.52	5828.87255022	796.515	8262.30634355	796.47	8828.2533694
796.625	2593.45064373	796.54	3794.86698544	796.55	4350.36599863	796.62	5825.06171779	796.615	8253.34357869	796.57	8838.28542324
796.725	2574.2141457	796.64	3812.07913541	796.65	4349.34357513	796.72	5835.66297902	796.715	8252.74395952	796.67	8842.89520953
796.825	2608.1198568	796.74	3867.96732326	796.75	4351.48740159	796.82	5828.47424406	796.815	8253.69270952	796.77	8849.638755
796.925	2578.29782367	796.84	3842.25110592	796.85	4367.49872394	796.92	5837.87927044	796.915	8279.01623685	796.87	8839.40542143
797.025	2585.79919	796.94	3843.83989244	796.95	4364.06151449	797.02	5824.52529831	797.015	8276.56306969	796.97	8847.67314252
797.125	2633.09762053	797.04	3823.29165022	797.05	4347.19689571	797.12	5828.05440057	797.115	8265.92168352	797.07	8854.36883569
797.225	2625.91282323	797.14	3814.57088285	797.15	4343.67728384	797.22	5832.20648507	797.215	8286.73535539	797.17	8846.75457857
797.325	2595.31072777	797.24	3820.95154541	797.25	4343.11204473	797.32	5839.81605921	797.315	8281.56194639	797.27	8838.19964148
797.425	2595.69107393	797.34	3824.51253885	797.35	4362.88207363	797.42	5830.36930204	797.415	8293.27907039	797.37	8844.48625409
797.525	2613.31845383	797.44	3834.63958826	797.45	4354.26737096	797.52	5835.67809957	797.515	8294.43127422	797.47	8831.06811481
797.625	2577.85185693	797.54	3809.30236122	797.55	4367.25139598	797.62	5839.42403071	797.615	8282.31480129	797.57	8827.97275252
797.725	2553.91869153	797.64	3820.92312404	797.65	4356.68577836	797.72	5842.96637032	797.715	8257.27514729	797.67	8846.01701404
797.825	2597.1349024	797.74	3796.92634789	797.75	4335.83844946	797.82	5822.67915486	797.815	8284.14024142	797.77	8842.32085028
797.925	2576.62786007	797.84	3798.2546317	797.85	4343.97654339	797.92	5831.63195841	797.915	8276.20836679	797.87	8837.98078489
798.025	2579.72920893	797.94	3828.97655537	797.95	4352.89930784	798.02	5831.92346662	798.015	8257.73530625	797.97	8861.47533063
798.125	2569.53711027	798.04	3821.81950518	798.05	4358.85363589	798.12	5839.88535862	798.115	8269.83071709	798.07	8834.13254423
798.225	2614.50497547	798.14	3824.67317381	798.15	4345.76383444	798.22	5824.82462176	798.215	8276.18091342	798.17	8823.53070303
798.325	2587.34650597	798.24	3825.56593848	798.25	4347.69053844	798.32	5824.75941467	798.315	8268.96901982	798.27	8839.45696887
798.425	2592.599601	798.34	3805.78872481	798.35	4342.30309648	798.42	5821.44077844	798.415	8305.35143689	798.37	8842.73907956
798.525	2579.60966233	798.44	3832.72071537	798.45	4331.67539304	798.52	5834.44342329	798.515	8284.19635262	798.47	8840.9677938
798.625	2565.3114188	798.54	3849.33608829	798.55	4342.17891928	798.62	5826.47752212	798.615	8265.36468375	798.57	8828.12118713
798.725	2592.50777427	798.64	3814.02890448	798.65	4340.45434173	798.72	5826.52370967	798.715	8265.25878775	798.67	8852.35057452
798.825	2584.7059738	798.74	3799.364873	798.75	4363.34273384	798.82	5818.79476869	798.815	8294.26128279	798.77	8847.88700497
798.925	2588.8696438	798.84	3777.06019967	798.85	4343.67846903	798.92	5824.63803902	798.915	8284.53806625	798.87	8840.70705129
799.025	2578.79939547	798.94	3828.57850807	798.95	4337.54021693	799.02	5826.45665454	799.015	8289.11208442	798.97	8857.226041
799.125	2604.9982966	799.04	3820.02200622	799.05	4350.75380963	799.12	5829.11815171	799.115	8267.11551799	799.07	8840.65014775
799.225	2593.335399	799.14	3787.63894167	799.15	4339.06154328	799.22	5822.59269632	799.215	8276.82545869	799.17	8835.15323815
799.325	2572.66218593	799.24	3809.11803211	799.25	4329.74313571	799.32	5816.96440674	799.315	8278.70036929	799.27	8808.83036895
799.425	2575.74251117	799.34	3795.33384015	799.35	4342.07842299	799.42	5817.97305817	799.415	8265.90035032	799.37	8831.10615601
799.525	2584.1609599	799.44	3788.87909715	799.45	4347.42255178	799.52	5823.86199204	799.515	8250.81965832	799.47	8832.92996929
799.625	2571.15611433	799.54	3781.24471389	799.55	4336.84437559	799.62	5816.17312087	799.615	8271.62051879	799.57	8863.95501153
799.725	2585.65530727	799.64	3803.71242944	799.65	4333.01678641	799.72	5822.60988446	799.715	8263.35616662	799.67	8850.10644732
799.825	2607.66865503	799.74	3816.96849637	799.75	4336.92104594	799.82	5826.96405256	799.815	8289.92397572	799.77	8843.58737191
799.925	2575.88407297	799.84	3796.61771696	799.85	4351.04166826	799.92	5818.70210164	799.915	8266.06255772	799.87	8842.1106774
800.025	2566.99002523	799.94	3791.29259759	799.95	4343.28956569	800.02	5828.72472591	800.015	8267.27292555	799.97	8841.94616025
800.125	2589.62007503	800.04	3804.90011885	800.05	4338.67136353	800.12	5820.61058877	800.115	8279.96185949	800.07	8829.40769839
800.225	2595.89884873	800.14	3796.94917863	800.15	4330.21304494	800.22	5830.73795646	800.215	8261.81234165	800.17	8828.57467961
800.325	2601.3932198	800.24	3802.76200385	800.25	4352.81208183	800.32	5827.95779027	800.315	8268.72797732	800.27	8840.17515983
800.425	2562.92796983	800.34	3834.77769696	800.35	4347.28329474	800.42	5811.10491222	800.415	8292.04122409	800.37	8851.34855068
800.525	2594.4986259	800.44	3815.20864952	800.45	4345.54480468	800.52	5834.81672829	800.515	8283.98637605	800.47	8845.46221503
800.625	2578.54227243	800.54	3754.24661878	800.55	4337.96556248	800.62	5821.61061634	800.615	8288.13865445	800.57	8853.51585337
800.725	2580.82928183	800.64	3783.54954229	800.65	4345.58692619	800.72	5830.85612034	800.715	8282.64665059	800.67	8850.67017308
800.825	2583.34442853	800.74	3816.96367692	800.75	4350.23833681	800.82	5821.61975724	800.815	8282.79801245	800.77	8839.05756908
800.925	2588.02758553	800.84	3816.55413937	800.85	4354.02774044	800.92	5817.76362846	800.915	8259.95375062	800.87	8818.65193316
801.025	2566.95500737	800.94	3781.48087237	800.95	4340.50081308	801.02	5839.66769939	801.015	8274.25698492	800.97	8834.41327164
801.125	2596.051633	801.04	3798.07592511	801.05	4352.81922686	801.12	5839.72138112	801.115	8293.90909752	801.07	8854.70997695
801.225	2589.70544923	801.14	3828.70398833	801.15	4327.35210241	801.22	5841.92753134	801.215	8292.43446345	801.17	8850.9920526
801.325	2579.19867097	801.24	3825.23846596	801.25	4334.16904076	801.32	5833.99975917	801.315	8306.92966552	801.27	8848.00830625
801.425	2570.26465527	801.34	3807.82804389	801.35	4347.10393069	801.42	5850.12943564	801.415	8276.11798465	801.37	8854.64354865
801.525	2593.77420293	801.44	3828.92747496	801.45	4340.40257056	801.52	5849.02443909	801.515	8286.11732322	801.47	8841.77302479
801.625	2586.91436253	801.54	3814.26018881	801.55	4343.60689034	801.62	5838.85441916	801.615	8283.09826275	801.57	8853.83522999
801.725	2587.59376703	801.64	3806.71475718	801.65	4356.07187119	801.72	5816.58340109	801.715	8302.10109742	801.67	8839.89391551
801.825	2586.9724339	801.74	3810.49835667	801.75	4350.31335964	801.82	5827.72333979	801.815	8271.12256415	801.77	8822.5343678
801.925	2565.2565617	801.84	3810.40385863	801.85	4348.57435408	801.92	5836.29979932	801.915	8293.73387889	801.87	8823.02768721
802.025	2552.17775697	801.94	3787.08800218	801.95	4356.12380609	802.02	5845.35202764	802.015	8286.97696562	801.97	8848.61903428
802.125	2587.87474227	802.04	3810.32671929	802.05	4359.48279059	802.12	5837.11379371	802.115	8277.38559342	802.07	8833.37654351
802.225	2576.09435577	802.14	3811.93579778	802.15	4356.65561071	802.22	5846.59668329	802.215	8295.75793769	802.17	8846.31213452
802.325	2577.8705348	802.24	3818.09502444	802.25	4369.72997473	802.32	5833.62035762	802.315	8275.59037265	802.27	8831.241063
802.425	2580.9144297	802.34	3834.84558592	802.35	4348.14879474	802.42	5838.18577087	802.415	8251.14117475	802.37	8841.25127092
802.525	2556.27580627	802.44	3812.58979333	802.45	4343.42363033	802.52	5825.08232044	802.515	8275.82819262	802.47	8839.66859569
802.625	2564.5893708	802.54	3809.38440522	802.55	4350.66601093	802.62	5827.50825407	802.615	8290.00952415	802.57	8847.72395903
802.725	2586.31699087	802.64	3830.55226329	802.65	4338.09108784	802.72	5822.99968139	802.715	8270.16935922	802.67	8829.74828172
802.825	2561.1040165	802.74	3842.31099352	802.75	4334.77705259	802.82	5832.72968114	802.815	8264.62703905	802.77	8828.9480434
802.925	2536.2945091	802.84	3827.50821778	802.85	4362.99991439	802.92	5824.05756166	802.915	8298.59699925	802.87	8844.87956788
803.025	2572.63659527	802.94	3813.21118741	802.95	4361.77709366	803.02	5834.52198222	803.015	8295.21953302	802.97	8830.41801047
803.125	2585.1296145	803.04	3811.52432037	803.05	4349.45950419	803.12	5830.49589922	803.115	8299.75047922	803.07	8833.54557855
803.225	2572.847139	803.14	3783.70729681	803.15	4352.77430129	803.22	5828.47445149	803.215	8276.35403059	803.17	8858.27333089
803.325	2579.86171713	803.24	3808.59956241	803.25	4345.41075108	803.32	5825.97179192	803.315	8279.76138309	803.27	8855.9485398
803.425	2555.65358767	803.34	3820.51023355	803.35	4349.06409063	803.42	5815.51426307	803.415	8271.48518349	803.37	8825.02040516
803.525	2550.67620613	803.44	3821.73404167	803.45	4357.47906503	803.52	5836.53846109	803.515	8265.13543005	803.47	8854.19604124
803.625	2565.2611582	803.54	3815.52708	803.55	4344.99875356	803.62	5828.75819582	803.615	8276.62454002	803.57	8849.74555977
803.725	2568.3034456	803.64	3791.21129292	803.65	4341.57103276	803.72	5830.87707286	803.715	8272.72965599	803.67	8840.29069151
803.825	2579.81135597	803.74	3799.95223081	803.75	4342.10554631	803.82	5831.30729841	803.815	8294.21890502	803.77	8841.90121196
803.925	2575.03843533	803.84	3780.62836704	803.85	4348.60056083	803.92	5824.69542341	803.915	8232.44381175	803.87	8849.52754815
804.025	2574.24024603	803.94	3801.22729948	803.95	4336.16468808	804.02	5823.54599149	804.015	8279.73538242	803.97	8838.09375753
804.125	2570.86329773	804.04	3796.10001348	804.05	4350.81321834	804.12	5823.57146484	804.115	8298.16587565	804.07	8841.38921612
804.225	2596.16528297	804.14	3798.24152074	804.15	4349.02590123	804.22	5829.35098139	804.215	8266.07196472	804.17	8845.40283828
804.325	2587.33095347	804.24	3790.70721559	804.25	4340.56025501	804.32	5818.23689534	804.315	8289.82148099	804.27	8849.13399001
804.425	2565.39088613	804.34	3801.36464322	804.35	4340.80088258	804.42	5803.73868089	804.415	8264.96575615	804.37	8851.43064239
804.525	2562.64754927	804.44	3809.18752633	804.45	4329.74036549	804.52	5812.29406502	804.515	8281.35932769	804.47	8836.02204644
804.625	2556.51322097	804.54	3822.57512581	804.55	4331.99435124	804.62	5815.72444277	804.615	8282.95612109	804.57	8843.96023652
804.725	2537.48381773	804.64	3825.77136944	804.65	4324.94682728	804.72	5829.15987716	804.715	8275.75496769	804.67	8858.91081879
804.825	2565.08836667	804.74	3815.61379607	804.75	4351.88527114	804.82	5813.87762191	804.815	8308.45250832	804.77	8844.32045313
804.925	2549.2320458	804.84	3816.40705174	804.85	4336.87158854	804.92	5814.76194357	804.915	8294.98088299	804.87	8836.1612782
805.025	2552.92533357	804.94	3806.5550197	804.95	4339.71276371	805.02	5833.01867794	805.015	8249.78257982	804.97	8846.50597852
805.125	2571.80271547	805.04	3778.12516737	805.05	4342.54113724	805.12	5820.56810861	805.115	8277.73432619	805.07	8840.30461823
805.225	2575.66418367	805.14	3793.28052178	805.15	4343.55713843	805.22	5806.66398222	805.215	8275.17161849	805.17	8829.78049945
805.325	2559.1275603	805.24	3813.05630955	805.25	4345.41725781	805.32	5816.32450846	805.315	8259.34054429	805.27	8836.11559372
805.425	2559.22469053	805.34	3825.85428696	805.35	4341.59093139	805.42	5819.66115217	805.415	8267.54515495	805.37	8840.07386092
805.525	2572.50011343	805.44	3818.037256	805.45	4333.08150036	805.52	5812.48596397	805.515	8270.54690492	805.47	8862.51259012
805.625	2579.4999396	805.54	3811.55339878	805.55	4346.12070289	805.62	5808.36754347	805.615	8273.30861805	805.57	8844.83912289
805.725	2550.44936393	805.64	3824.52955011	805.65	4354.76015623	805.72	5810.55862127	805.715	8270.63975522	805.67	8841.51866612
805.825	2556.4216469	805.74	3845.11416667	805.75	4338.56809519	805.82	5790.30364247	805.815	8255.35583752	805.77	8826.21422324
805.925	2551.8917954	805.84	3787.61271133	805.85	4340.35975283	805.92	5812.28120566	805.915	8271.75286969	805.87	8842.58047153
806.025	2575.12208023	805.94	3788.00929233	805.95	4325.89677658	806.02	5811.13390281	806.015	8262.59152549	805.97	8850.57455791
806.125	2565.69885163	806.04	3823.71480859	806.05	4328.20260329	806.12	5804.89756111	806.115	8252.08323162	806.07	8829.79525172
806.225	2569.10063313	806.14	3828.29710955	806.15	4327.92896274	806.22	5812.41642667	806.215	8274.91075102	806.17	8839.97252841
806.325	2588.08593463	806.24	3827.61709952	806.25	4329.86380488	806.32	5831.15101629	806.315	8252.85913532	806.27	8846.02220372
806.425	2574.54820267	806.34	3795.57934022	806.35	4330.09681706	806.42	5823.14670771	806.415	8227.25504032	806.37	8850.0738078
806.525	2564.4002539	806.44	3805.83739726	806.45	4341.29887049	806.52	5800.98320617	806.515	8276.68636402	806.47	8827.59248023
806.625	2562.66135943	806.54	3793.74303685	806.55	4339.85408944	806.62	5820.58328047	806.615	8280.90806675	806.57	8830.09016663
806.725	2541.898606	806.64	3805.16035063	806.65	4338.73358299	806.72	5815.93535609	806.715	8289.74622029	806.67	8814.91701097
806.825	2570.48759363	806.74	3821.42458237	806.75	4337.39877479	806.82	5804.71986379	806.815	8267.61823779	806.77	8832.65247108
806.925	2547.89019567	806.84	3792.81382444	806.85	4327.21890051	806.92	5808.88272632	806.915	8262.48473442	806.87	8849.60580191
807.025	2583.47019287	806.94	3801.58825985	806.95	4326.70114994	807.02	5801.95746627	807.015	8274.68877209	806.97	8822.08714121
807.125	2558.63651203	807.04	3790.25850174	807.05	4345.20736229	807.12	5809.78214337	807.115	8260.01941932	807.07	8825.65402015
807.225	2548.27573197	807.14	3797.46036718	807.15	4333.03386128	807.22	5806.40277609	807.215	8251.45216655	807.17	8842.89137468
807.325	2556.21562937	807.24	3796.21958152	807.25	4346.15322928	807.32	5807.63573456	807.315	8258.13482089	807.27	8852.14117079
807.425	2559.521154	807.34	3765.80902289	807.35	4333.14104204	807.42	5796.22121069	807.415	8270.03224292	807.37	8846.98028897
807.525	2545.92593777	807.44	3774.16982822	807.45	4336.82525539	807.52	5801.14415511	807.515	8265.13524715	807.47	8857.71609833
807.625	2545.11166507	807.54	3807.32318059	807.55	4333.47290659	807.62	5814.61591099	807.615	8254.71308485	807.57	8829.74527196
807.725	2552.5856117	807.64	3801.66487215	807.65	4348.27273439	807.72	5813.12698169	807.715	8256.17720265	807.67	8837.9096838
807.825	2561.5609261	807.74	3792.73033711	807.75	4339.90989856	807.82	5812.01019102	807.815	8253.98266232	807.77	8828.82627177
807.925	2576.67035987	807.84	3811.97526889	807.85	4344.05959294	807.92	5808.23543406	807.915	8254.15277979	807.87	8833.85043033
808.025	2559.52489717	807.94	3791.95661926	807.95	4340.04184326	808.02	5790.81505686	808.015	8260.82241129	807.97	8845.35202948
808.125	2568.57404603	808.04	3800.34693444	808.05	4337.80453219	808.12	5815.71422014	808.115	8260.38293062	808.07	8836.99649401
808.225	2565.8557826	808.14	3772.17772148	808.15	4352.42837608	808.22	5807.48586862	808.215	8242.04869289	808.17	8844.82178204
808.325	2577.70086923	808.24	3778.20147492	808.25	4328.98141851	808.32	5802.22456031	808.315	8253.98402365	808.27	8844.7358598
808.425	2581.56993467	808.34	3761.50603211	808.35	4342.69488248			808.415	8243.81070905	808.37	8850.62114497
808.525	2567.76202263	808.44	3772.45885078	808.45	4351.82496854			808.515	8251.78501932	808.47	8863.80438183
