	[Ir. spot (1,3)] Ir4f		[CoIr (20:80). spot (3,3)] Ir4f		[Ir-Co 40:60 Spot (8,9) JP08] Ir4f		[Ir-Co 60:40 Spot (6,2) JP08] Ir4f		[CoIr (8020). spot (5,3)] Ir4f		[Co Spot (5,2)] Ir4f
57.4249999999981	259.358137333	57.4400000000183	4363.5051756431	57.3499999999984	8419.3182585092	57.4199999999979	12540.33833053	57.4149999999983	16780.8728552404	57.3699999999989	20819.9202262166
57.524999999998	257.526567422	57.5400000000182	4376.6561315991	57.4499999999983	8417.4928731752	57.5199999999978	12530.0762900855	57.5149999999982	16769.6425081734	57.4699999999988	20825.34089555
57.6249999999979	271.448471511	57.6400000000181	4388.2463151101	57.5499999999982	8413.7487431092	57.6199999999977	12530.7648280411	57.6149999999981	16779.4744579514	57.5699999999987	20820.367898661
57.7249999999978	268.262303956	57.740000000018	4373.7304136881	57.6499999999981	8406.4995387092	57.7199999999976	12528.4087746633	57.714999999998	16784.6240359064	57.6699999999986	20835.4288515499
57.8249999999977	279.376775556	57.8400000000179	4383.9556513771	57.749999999998	8407.5075611092	57.8199999999975	12538.0919244855	57.8149999999979	16779.0732686624	57.7699999999985	20826.3210279944
57.9249999999976	262.8214672	57.9400000000178	4381.8913622651	57.8499999999979	8414.7045733752	57.9199999999974	12542.6471001743	57.9149999999978	16773.1336166174	57.8699999999984	20814.8041439944
58.0249999999975	264.974128978	58.0400000000177	4386.5457911541	57.9499999999978	8415.6468554422	58.0199999999973	12541.2524016411	58.0149999999977	16783.3061589734	57.9699999999983	20827.59133955
58.1249999999974	286.8310744	58.1400000000176	4370.2716288881	58.0499999999977	8424.1415227752	58.1199999999972	12538.4778343966	58.1149999999976	16779.3481500844	58.0699999999982	20828.9775424388
58.2249999999973	281.5144384	58.2400000000175	4375.3922916881	58.1499999999976	8424.2320296422	58.2199999999971	12544.6298340853	58.2149999999975	16776.1582431064	58.1699999999981	20828.0290524388
58.3249999999972	270.255249022	58.3400000000174	4394.0148496431	58.2499999999975	8420.8060787092	58.319999999997	12548.0258414633	58.3149999999974	16783.2097376844	58.269999999998	20824.0560282166
58.4249999999971	276.6154096	58.4400000000173	4404.0859018651	58.3499999999974	8425.5715713752	58.4199999999969	12553.4697051523	58.4149999999973	16790.0696347064	58.3699999999979	20837.7486682165
58.524999999997	289.268738622	58.5400000000172	4405.9175696881	58.4499999999973	8423.4325012422	58.5199999999968	12558.0384078633	58.5149999999972	16791.9607694624	58.4699999999978	20822.6925291055
58.6249999999969	287.661946267	58.6400000000171	4408.5300706211	58.5499999999972	8431.4858258422	58.6199999999967	12551.3007565743	58.6149999999971	16791.0973857284	58.5699999999977	20837.1258948833
58.7249999999968	291.589106444	58.740000000017	4414.2931934651	58.6499999999971	8439.3839103092	58.7199999999966	12554.6836194193	58.714999999997	16796.0814898174	58.6699999999976	20818.4401791055
58.8249999999967	277.542151422	58.8400000000169	4416.1237837771	58.749999999997	8428.5559037092	58.8199999999965	12563.5728754633	58.8149999999969	16785.1629819514	58.7699999999975	20819.7548357722
58.9249999999966	289.785745156	58.9400000000168	4414.5253321321	58.8499999999969	8434.9085704422	58.9199999999964	12565.2665618193	58.9149999999968	16791.8124611064	58.8699999999974	20819.9198066611
59.0249999999965	295.650030089	59.0400000000167	4422.7430354651	58.9499999999968	8439.2620521752	59.0199999999963	12560.3622698633	59.0149999999967	16799.6206171064	58.9699999999973	20815.3668328833
59.1249999999964	295.9577212	59.1400000000166	4420.4116932431	59.0499999999967	8436.5761994422	59.1199999999962	12570.9173115523	59.1149999999966	16797.9699367064	59.0699999999972	20815.2734739944
59.2249999999963	316.299864933	59.2400000000165	4426.4448415541	59.1499999999966	8444.3000965752	59.2199999999961	12584.8171319073	59.2149999999965	16786.2795127064	59.1699999999971	20818.3508544389
59.3249999999962	335.446792578	59.3400000000164	4443.9886645771	59.2499999999965	8448.7981401752	59.319999999996	12591.5770876413	59.3149999999964	16787.1357330174	59.269999999997	20817.3712668833
59.4249999999961	317.109397689	59.4400000000163	4454.2475204431	59.3499999999964	8454.9923887092	59.4199999999959	12596.5823978193	59.4149999999963	16800.1986927954	59.3699999999969	20815.4398375499
59.524999999996	330.751208711	59.5400000000162	4448.5720515991	59.4499999999963	8457.2499020422	59.5199999999958	12624.3121208413	59.5149999999962	16800.2474775514	59.4699999999968	20834.3802639944
59.6249999999959	336.430050578	59.6400000000161	4450.6438990651	59.5499999999962	8446.5999506422	59.6199999999957	12641.3958830193	59.6149999999961	16805.8501795064	59.5699999999967	20832.7226637722
59.7249999999958	323.421883333	59.740000000016	4473.4048775991	59.6499999999961	8468.7206054422	59.7199999999956	12672.6263030193	59.714999999996	16796.0153883064	59.6699999999966	20851.4626466615
59.8249999999957	343.1805328	59.8400000000159	4481.4580558651	59.749999999996	8466.9931451092	59.8199999999955	12711.4926274633	59.8149999999959	16809.1809504404	59.7699999999965	20844.9051195495
59.9249999999956	362.787476444	59.9400000000158	4506.2501809321	59.8499999999959	8487.9866744422	59.9199999999954	12772.0303961303	59.9149999999958	16815.1531367514	59.8699999999964	20829.5309084388
60.0249999999955	378.935527467	60.0400000000157	4516.2506219991	59.9499999999958	8498.7419772422	60.0199999999953	12834.4440371083	60.0149999999957	16808.9452271064	59.9699999999963	20845.7462684385
60.1249999999954	394.602418311	60.1400000000156	4536.1023430211	60.0499999999957	8502.3881876422	60.1199999999952	12889.7532262633	60.1149999999956	16814.5135141284	60.0699999999962	20853.6702837725
60.2249999999953	422.185159778	60.2400000000155	4561.4265632881	60.1499999999956	8527.0395132422	60.2199999999951	12966.3622640853	60.2149999999955	16823.0381418174	60.1699999999961	20858.5408404385
60.3249999999952	431.027026311	60.3400000000154	4602.4666354651	60.2499999999955	8564.0755489752	60.319999999995	12992.3055125303	60.3149999999954	16827.5134013284	60.269999999996	20847.4805248835
60.4249999999951	448.853691556	60.4400000000153	4655.8168031541	60.3499999999954	8599.8258123092	60.4199999999949	13027.0078672853	60.4149999999953	16837.1082158174	60.3699999999959	20849.4033473275
60.524999999995	492.824599689	60.5400000000152	4733.6121455101	60.4499999999953	8680.9315645752	60.5199999999948	13060.3712517743	60.5149999999952	16859.0197849734	60.4699999999958	20864.4068504385
60.6249999999949	563.9229388	60.6400000000151	4861.1643522211	60.5499999999952	8761.8889535092	60.6199999999947	13054.0051752853	60.6149999999951	16869.7637590174	60.5699999999957	20858.4589399945
60.7249999999948	673.268456534	60.740000000015	5030.6324205771	60.6499999999951	8846.3391042422	60.7199999999946	13028.1926770633	60.714999999995	16893.4909809284	60.6699999999956	20865.3828171055
60.8249999999947	810.710525111	60.8400000000149	5265.5339022611	60.749999999995	8949.3552046422	60.8199999999945	12990.1231138633	60.8149999999949	16923.8784645734	60.7699999999955	20870.5164322165
60.9249999999946	996.921755423	60.9400000000148	5601.7500333311	60.8499999999949	9049.5845707752	60.9199999999944	12981.3286042193	60.9149999999948	16955.2485275954	60.8699999999954	20862.9545062165
61.0249999999945	1281.5972992	61.0400000000147	5971.3191011511	60.9499999999948	9136.8763692422	61.0199999999943	12951.5783613303	61.0149999999947	17006.3293499064	60.9699999999953	20844.9056891055
61.1249999999944	1669.56109631	61.1400000000146	6328.8985223511	61.0499999999947	9222.8680897092	61.1199999999942	12936.9459565743	61.1149999999946	17087.4945371954	61.0699999999952	20837.7109077725
61.2249999999943	2188.04513893	61.2400000000145	6685.0654103111	61.1499999999946	9260.2674485092	61.2199999999941	12909.8180484853	61.2149999999945	17136.5837248404	61.1699999999951	20856.3141373275
61.3249999999942	2709.35578018	61.3400000000144	6932.7876977811	61.2499999999945	9302.8864729722	61.319999999994	12892.0375783073	61.3149999999944	17202.7483616844	61.269999999995	20851.2718928835
61.4249999999941	3254.62259458	61.4400000000143	7139.2230803111	61.3499999999944	9329.3830807722	61.4199999999939	12874.9859461743	61.4149999999943	17277.8865757294	61.3699999999949	20866.8259557725
61.524999999994	3686.03682351	61.5400000000142	7252.4294124911	61.4499999999943	9277.4457968422	61.5199999999938	12846.1990707073	61.5149999999942	17335.2965190174	61.4699999999948	20870.0650686615
61.6249999999939	4047.50690844	61.6400000000141	7234.8846353311	61.5499999999942	9272.3295465092	61.6199999999937	12840.2572464853	61.6149999999941	17389.0639459064	61.5699999999947	20855.3423415495
61.7249999999938	4224.92355591	61.740000000014	7116.5908920011	61.6499999999941	9249.2558884422	61.7199999999936	12814.0384664413	61.714999999994	17446.4106256844	61.6699999999946	20862.8896433275
61.8249999999937	4165.01227982	61.8400000000139	6978.0998216411	61.749999999994	9218.6225939752	61.8199999999935	12807.3878881743	61.8149999999939	17466.9115391514	61.7699999999945	20845.1873711055
61.9249999999936	4069.3052592	61.9400000000138	6874.2295656911	61.8499999999939	9190.4648071752	61.9199999999934	12802.5074315073	61.9149999999938	17485.0514233284	61.8699999999944	20845.9806148835
62.0249999999935	3872.49834724	62.0400000000137	6684.7691049311	61.9499999999938	9145.6778132422	62.0199999999933	12784.0242427073	62.0149999999937	17462.1791022624	61.9699999999943	20843.6379615495
62.1249999999934	3644.05231907	62.1400000000136	6558.9918202211	62.0499999999937	9091.2759311752	62.1199999999932	12787.0050923523	62.1149999999936	17465.2426587954	62.0699999999942	20860.9531771055
62.2249999999933	3457.02095991	62.2400000000135	6402.1700169811	62.1499999999936	9047.6050739092	62.2199999999931	12779.5006895963	62.2149999999935	17452.7054950174	62.1699999999941	20855.1705351055
62.3249999999932	3250.19330364	62.3400000000134	6249.7493607511	62.2499999999935	9023.2919189092	62.319999999993	12788.3372160853	62.3149999999934	17437.4776458624	62.269999999994	20841.1594019945
62.4249999999931	3059.17826178	62.4400000000133	6137.5969161311	62.3499999999934	8979.9766191752	62.4199999999929	12776.2193442633	62.4149999999933	17379.2663928394	62.3699999999939	20857.2055397725
62.524999999993	2873.64277689	62.5400000000132	6043.5078059111	62.4499999999933	8921.0122781092	62.5199999999928	12777.9304753303	62.5149999999932	17334.2878804404	62.4699999999938	20835.6792064388
62.6249999999929	2741.83830436	62.6400000000131	5973.0996035511	62.5499999999932	8906.4184743092	62.6199999999927	12796.3775097743	62.6149999999931	17296.4115241284	62.5699999999937	20846.4962437725
62.7249999999928	2546.95983551	62.740000000013	5868.1958774611	62.6499999999931	8869.3893408422	62.7199999999926	12815.6062335963	62.714999999993	17248.2116379064	62.6699999999936	20860.2105591055
62.8249999999927	2460.66697431	62.8400000000129	5794.1775024011	62.749999999993	8836.0958933092	62.8199999999925	12834.8755766193	62.8149999999929	17217.1102529734	62.7699999999935	20845.5901175495
62.9249999999926	2360.09626969	62.9400000000128	5758.7752581811	62.8499999999929	8822.4373565752	62.9199999999924	12869.0631267073	62.9149999999928	17168.8204367064	62.8699999999934	20856.1916355495
63.0249999999925	2212.61329236	63.0400000000127	5683.4445420411	62.9499999999928	8808.3396775092	63.0199999999923	12903.4174437303	63.0149999999927	17116.8752756404	62.9699999999933	20851.0850391055
63.1249999999924	2147.55530396	63.1400000000126	5641.2547042611	63.0499999999927	8818.7735365092	63.1199999999922	12956.0859371963	63.1149999999926	17075.0976676394	63.0699999999932	20861.0354977725
63.2249999999923	2066.76906067	63.2400000000125	5600.9730262211	63.1499999999926	8813.9613071092	63.2199999999921	12974.8949595963	63.2149999999925	17050.2777377734	63.1699999999931	20855.1261904385
63.3249999999922	2005.14164356	63.3400000000124	5580.7057319511	63.2499999999925	8806.0866029092	63.319999999992	12980.1774115523	63.3149999999924	17039.9724968844	63.269999999993	20851.8567375495
63.4249999999921	1950.643044	63.4400000000123	5585.5251475111	63.3499999999924	8821.0559317092	63.4199999999919	13000.0889458633	63.4149999999923	17035.0513363064	63.3699999999929	20861.7277506615
63.524999999992	1927.33722511	63.5400000000122	5624.7063624911	63.4499999999923	8863.0794152422	63.5199999999918	12997.7664603523	63.5149999999922	17019.1063885284	63.4699999999928	20853.1448775495
63.6249999999919	1907.33950382	63.6400000000121	5666.6926797811	63.5499999999922	8922.0198453752	63.6199999999917	12997.0408027963	63.6149999999921	17007.2011887064	63.5699999999927	20854.1278264385
63.7249999999918	1950.95181213	63.740000000012	5777.5216748411	63.6499999999921	8992.1647283752	63.7199999999916	13001.9511990193	63.714999999992	17003.2769808844	63.6699999999926	20864.5480279945
63.8249999999917	1998.66176858	63.8400000000119	5939.7397207111	63.749999999992	9039.5933582422	63.8199999999915	12978.7670639963	63.8149999999919	17028.1043837734	63.7699999999925	20866.7516399945
63.9249999999916	2111.33371116	63.9400000000118	6113.3572865311	63.8499999999919	9079.9774879752	63.9199999999914	12939.6467794633	63.9149999999918	17036.3678315064	63.8699999999924	20847.0436615495
64.0249999999915	2345.10151827	64.0400000000117	6353.2197292011	63.9499999999918	9147.1188421752	64.0199999999913	12915.6779411073	64.0149999999917	17077.3489383954	63.9699999999923	20834.2312988833
64.1249999999914	2575.10285151	64.1400000000116	6571.2900286611	64.0499999999917	9181.5724605092	64.1199999999912	12905.1268366193	64.1149999999916	17129.3724725294	64.0699999999922	20844.7859704385
64.2249999999913	2875.39345236	64.2400000000115	6778.8790847111	64.1499999999916	9248.9723087752	64.2199999999911	12896.2899372413	64.2149999999915	17166.2228657734	64.1699999999921	20848.4959128835
64.3249999999912	3237.77600836	64.3400000000114	6917.8548183511	64.2499999999915	9245.8588967092	64.319999999991	12877.1342159963	64.3149999999914	17203.2836541734	64.269999999992	20858.1279042165
64.4249999999911	3560.83032133	64.4400000000113	7029.7943438611	64.3499999999914	9219.4628203752	64.4199999999909	12857.5318590193	64.4149999999913	17251.4732996844	64.3699999999919	20851.8729591055
64.524999999991	3818.45548276	64.5400000000112	7043.8991256011	64.4499999999913	9193.7085171092	64.5199999999908	12837.6218161303	64.5149999999912	17284.5467092404	64.4699999999918	20870.3889664385
64.6249999999909	3976.74917249	64.6400000000111	7060.4225796411	64.5499999999912	9199.5753756422	64.6199999999907	12802.9060679963	64.6149999999911	17323.3459343514	64.5699999999917	20826.8168464388
64.7249999999908	4047.97871538	64.740000000011	6960.0395260411	64.6499999999911	9182.6558878422	64.7199999999906	12798.6144643523	64.714999999991	17342.3821413284	64.6699999999916	20849.3794417725
64.8249999999907	4040.30663738	64.8400000000109	6838.1627271111	64.749999999991	9145.2162753092	64.8199999999905	12788.2254097303	64.8149999999909	17356.0608588844	64.7699999999915	20867.4116837725
64.9249999999906	3914.4817704	64.9400000000108	6708.3252201311	64.8499999999909	9117.1460299092	64.9199999999904	12786.0944451073	64.9149999999908	17352.0261694624	64.8699999999914	20850.2659753275
65.0249999999905	3778.53527044	65.0400000000107	6577.8138605811	64.9499999999908	9069.7656482422	65.0199999999903	12793.9633803523	65.0149999999907	17371.5225202174	64.9699999999913	20841.1182528835
65.1249999999904	3635.85569084	65.1400000000106	6478.6160534611	65.0499999999907	9011.3216565092	65.1199999999902	12765.3416116413	65.1149999999906	17355.6415963064	65.0699999999912	20842.8592128835
65.2249999999903	3458.33261378	65.2400000000105	6369.1494210211	65.1499999999906	8966.8515519752	65.2199999999901	12745.9506630193	65.2149999999905	17330.1538583514	65.1699999999911	20837.04655955
65.3249999999902	3290.59814871	65.3400000000104	6263.7729189811	65.2499999999905	8945.4309356422	65.31999999999	12747.9137270193	65.3149999999904	17314.8988971954	65.269999999991	20833.5591286611
65.4249999999901	3079.72897138	65.4400000000103	6201.7136585311	65.3499999999904	8935.7579285092	65.4199999999899	12749.7159546633	65.4149999999903	17289.4333358174	65.3699999999909	20829.97194155
65.52499999999	2968.47929916	65.5400000000102	6096.0002096411	65.4499999999903	8895.9343130422	65.5199999999898	12750.1855806193	65.5149999999902	17248.8362574174	65.4699999999908	20831.6529731055
65.6249999999899	2831.81256333	65.6400000000101	5947.4883664411	65.5499999999902	8848.4907885092	65.6199999999897	12734.6294722633	65.6149999999901	17208.3709767514	65.5699999999907	20847.2183224385
65.7249999999898	2651.60538422	65.74000000001	5891.0955728411	65.6499999999901	8833.7254607092	65.7199999999896	12734.1001586193	65.71499999999	17173.1795060844	65.6699999999906	20828.8390895499
65.8249999999897	2562.17841124	65.8400000000099	5810.5503806211	65.74999999999	8808.8904443092	65.8199999999895	12714.8362231963	65.8149999999899	17138.5411821734	65.7699999999905	20830.3833108833
65.9249999999896	2385.93960244	65.9400000000098	5714.8561429811	65.8499999999899	8785.8545202422	65.9199999999894	12709.7865760413	65.9149999999898	17102.8919810174	65.8699999999904	20839.7190973275
66.0249999999895	2314.12052636	66.0400000000097	5659.9409946611	65.9499999999898	8761.4883379752	66.0199999999893	12701.4654636853	66.0149999999897	17070.4555824404	65.9699999999903	20827.917990661
66.1249999999894	2181.69247991	66.1400000000096	5619.2177325311	66.0499999999897	8744.2198905092	66.1199999999892	12702.1510487963	66.1149999999896	17048.9014331954	66.0699999999902	20821.1368664388
66.2249999999893	2120.89087609	66.2400000000095	5556.7007285811	66.1499999999896	8729.4924342422	66.2199999999891	12695.3336775963	66.2149999999895	17033.7715370624	66.1699999999901	20834.6878619944
66.3249999999892	2064.33387	66.3400000000094	5494.7945956911	66.2499999999895	8723.9108147092	66.319999999989	12692.9660023523	66.3149999999894	16983.0826843064	66.26999999999	20841.4681324385
66.4249999999891	1942.07502764	66.4400000000093	5459.5753091111	66.3499999999894	8718.7173352422	66.4199999999889	12687.8494608413	66.4149999999893	16984.1842520844	66.3699999999899	20836.0350237722
66.524999999989	1895.60326289	66.5400000000092	5413.1475399511	66.4499999999893	8700.8690961092	66.5199999999888	12675.8375006633	66.5149999999892	16973.0462615954	66.4699999999898	20848.2578979945
66.6249999999889	1821.69716898	66.6400000000091	5411.0226843111	66.5499999999892	8675.5631642422	66.6199999999887	12668.6645589303	66.6149999999891	16968.0609283064	66.5699999999897	20840.0007328835
66.7249999999888	1802.92395373	66.740000000009	5343.6626583111	66.6499999999891	8668.6387471092	66.7199999999886	12673.1159307073	66.714999999989	16953.4956313734	66.6699999999896	20829.4706968833
66.8249999999887	1743.7221984	66.8400000000089	5322.2581626611	66.749999999989	8675.5184723092	66.8199999999885	12678.4907793743	66.8149999999889	16961.0876919064	66.7699999999895	20831.3782617722
66.9249999999886	1703.3011	66.9400000000088	5285.1066157311	66.8499999999889	8674.0555045092	66.9199999999884	12669.1053677743	66.9149999999888	16939.5040359514	66.8699999999894	20834.1552568833
67.0249999999885	1658.78823627	67.0400000000087	5291.1527833811	66.9499999999888	8655.2841021752	67.0199999999883	12665.0323818193	67.0149999999887	16936.7731186624	66.9699999999893	20833.6401111055
67.1249999999884	1607.83030969	67.1400000000086	5244.9674171111	67.0499999999887	8635.2492991752	67.1199999999882	12645.2646408413	67.1149999999886	16917.6173948404	67.0699999999892	20833.1052044388
67.2249999999883	1568.30776449	67.2400000000085	5223.9494196411	67.1499999999886	8628.4408929752	67.2199999999881	12650.8788817303	67.2149999999885	16913.7681058624	67.1699999999891	20832.7881477722
67.3249999999882	1546.90916751	67.3400000000084	5191.9159136011	67.2499999999885	8628.1293736422	67.319999999988	12647.8419976413	67.3149999999884	16904.1789439954	67.269999999989	20831.7674891055
67.4249999999881	1500.84097133	67.4400000000083	5163.6074857811	67.3499999999884	8622.1662857752	67.4199999999879	12641.4765099073	67.4149999999883	16911.1369359954	67.3699999999889	20867.5129299945
67.524999999988	1465.77564098	67.5400000000082	5131.7519468431	67.4499999999883	8620.0102132422	67.5199999999878	12628.6760527963	67.5149999999882	16902.1878155954	67.4699999999888	20841.2323642165
67.6249999999879	1453.24332538	67.6400000000081	5125.2319377321	67.5499999999882	8614.5974793092	67.6199999999877	12632.7415946193	67.6149999999881	16896.0051371064	67.5699999999887	20824.6321115499
67.7249999999878	1416.24893404	67.740000000008	5078.7545268431	67.6499999999881	8595.0761224422	67.7199999999876	12645.3245959963	67.714999999988	16888.1186151064	67.6699999999886	20829.7136013278
67.8249999999877	1398.01749604	67.8400000000079	5064.1919452881	67.749999999988	8594.0756620422	67.8199999999875	12634.3277620853	67.8149999999879	16894.1203027514	67.7699999999885	20829.3749499944
67.9249999999876	1334.45165436	67.9400000000078	5029.0308576881	67.8499999999879	8588.2628200422	67.9199999999874	12631.1589306633	67.9149999999878	16885.3473328844	67.8699999999884	20837.8340108835
68.0249999999875	1281.57245764	68.0400000000077	5016.0454043101	67.9499999999878	8587.0734741752	68.0199999999873	12624.0579117743	68.0149999999877	16880.0521427954	67.9699999999883	20849.7888799945
68.1249999999874	1269.91801253	68.1400000000076	4978.7742184881	68.0499999999877	8566.1038415092	68.1199999999872	12629.8760104853	68.1149999999876	16879.2097563954	68.0699999999882	20840.1607944385
68.2249999999873	1250.13495644	68.2400000000075	4983.6901713771	68.1499999999876	8569.1093214422	68.2199999999871	12621.1063332413	68.2149999999875	16882.1756004844	68.1699999999881	20855.5084962165
68.3249999999872	1205.86347707	68.3400000000074	4970.2420734651	68.2499999999875	8553.9935976422	68.319999999987	12620.5263132853	68.3149999999874	16877.7686121284	68.269999999988	20849.9225302165
68.4249999999871	1177.03730458	68.4400000000073	4936.2460039101	68.3499999999874	8558.1654839092	68.4199999999869	12628.1945867073	68.4149999999873	16869.9724276844	68.3699999999879	20837.6995991055
68.524999999987	1142.15548044	68.5400000000072	4926.6121122651	68.4499999999873	8571.8259464422	68.5199999999868	12625.6881927073	68.5149999999872	16879.4042338624	68.4699999999878	20837.6652773275
68.6249999999869	1124.49348658	68.6400000000071	4918.7986371541	68.5499999999872	8579.0888971092	68.6199999999867	12623.1388669743	68.6149999999871	16877.2577572404	68.5699999999877	20845.8365973275
68.7249999999868	1065.59625289	68.740000000007	4885.0041254651	68.6499999999871	8553.9096133092	68.7199999999866	12622.7843044413	68.714999999987	16875.3462000404	68.6699999999876	20860.4109595495
68.8249999999867	1059.40454911	68.8400000000069	4861.4645543991	68.749999999987	8555.2613877092	68.8199999999865	12625.3783009303	68.8149999999869	16867.8798331954	68.7699999999875	20846.7087977725
68.9249999999866	1045.09793173	68.9400000000068	4868.1917035991	68.8499999999869	8571.2926088422	68.9199999999864	12626.2271171073	68.9149999999868	16864.9474776404	68.8699999999874	20838.7693017725
69.0249999999865	1014.45533591	69.0400000000067	4857.1374690651	68.9499999999868	8559.6581558422	69.0199999999863	12619.3450855523	69.0149999999867	16850.8798792404	68.9699999999873	20843.4295211055
69.1249999999864	1000.95222436	69.1400000000066	4849.4957736431	69.0499999999867	8564.4963523752	69.1199999999862	12616.7782007963	69.1149999999866	16842.9257936404	69.0699999999872	20820.7897935499
69.2249999999863	983.205171911	69.2400000000065	4841.1319591101	69.1499999999866	8548.0561495092	69.2199999999861	12609.8716986193	69.2149999999865	16848.9402740404	69.1699999999871	20831.2669524388
69.3249999999862	946.296742533	69.3400000000064	4823.6616729321	69.2499999999865	8543.9646805752	69.319999999986	12621.0093383963	69.3149999999864	16859.2848758624	69.269999999987	20837.1652328833
69.4249999999861	926.115595467	69.4400000000063	4798.2837224881	69.3499999999864	8546.6229910422	69.4199999999859	12623.3803188853	69.4149999999863	16864.0451893734	69.3699999999869	20843.6951839945
69.524999999986	906.9762456	69.5400000000062	4799.6370106211	69.4499999999863	8547.4280372422	69.5199999999858	12628.1944158633	69.5149999999862	16861.0851812844	69.4699999999868	20837.0426806611
69.6249999999859	896.582476667	69.6400000000061	4803.7870183991	69.5499999999862	8552.5044615752	69.6199999999857	12621.3988978633	69.6149999999861	16859.0447667064	69.5699999999867	20847.2867317725
69.7249999999858	882.299643244	69.740000000006	4794.6025339541	69.6499999999861	8537.7287353092	69.7199999999856	12621.6600000413	69.714999999986	16855.0668487064	69.6699999999866	20857.5670333275
69.8249999999857	868.842719289	69.8400000000059	4802.9309518211	69.749999999986	8540.6150632422	69.8199999999855	12617.8516035963	69.8149999999859	16840.4025375064	69.7699999999865	20837.3613835495
69.9249999999856	864.758244756	69.9400000000058	4803.3229277321	69.8499999999859	8550.6340837092	69.9199999999854	12615.6015915963	69.9149999999858	16851.4212528404	69.8699999999864	20826.0349506611
70.0249999999855	878.764258222	70.0400000000057	4793.6398447101	69.9499999999858	8540.7679110422	70.0199999999853	12614.5027981743	70.0149999999857	16846.4114082174	69.9699999999863	20826.1491459944
70.1249999999854	874.867043644	70.1400000000056	4771.9658218211	70.0499999999857	8549.8124071092	70.1199999999852	12622.9128935523	70.1149999999856	16854.9039259064	70.0699999999862	20835.0169793277
70.2249999999853	843.748703689	70.2400000000055	4775.1742183541	70.1499999999856	8544.0580799752	70.2199999999851	12627.4101573303	70.2149999999855	16852.5281859954	70.1699999999861	20826.3206691055
70.3249999999852	836.570699111	70.3400000000054	4755.8470364881	70.2499999999855	8532.1834162422	70.319999999985	12616.8959202633	70.3149999999854	16849.3855208404	70.269999999986	20831.3449035499
70.4249999999851	843.331933955	70.4400000000053	4777.1377610211	70.3499999999854	8539.2702777092	70.4199999999849	12624.9717054633	70.4149999999853	16849.5997577734	70.3699999999859	20836.4993957722
70.524999999985	826.529143778	70.5400000000052	4768.3479787991	70.4499999999853	8545.3205075092	70.5199999999848	12626.5904717743	70.5149999999852	16846.2277969284	70.4699999999858	20837.7018195495
70.6249999999849	826.0836296	70.6400000000051	4765.0892352881	70.5499999999852	8531.4090611752	70.6199999999847	12622.7017701743	70.6149999999851	16858.3259393284	70.5699999999857	20823.2145546611
70.7249999999848	811.297018933	70.740000000005	4764.1519511541	70.6499999999851	8533.8820785752	70.7199999999846	12619.9994914633	70.714999999985	16858.8191646174	70.6699999999856	20831.2451442167
70.8249999999847	800.453906889	70.8400000000049	4765.0309294651	70.749999999985	8538.6002097092	70.8199999999845	12625.6194592853	70.8149999999849	16862.4608345734	70.7699999999855	20842.1580953275
70.9249999999846	806.134004756	70.9400000000048	4763.3895630651	70.8499999999849	8549.0278888422	70.9199999999844	12623.2155005303	70.9149999999848	16852.5804177734	70.8699999999854	20832.9550459944
71.0249999999845	815.991368889	71.0400000000047	4743.1935915541	70.9499999999848	8551.1515531092	71.0199999999843	12626.0446127963	71.0149999999847	16846.1018937734	70.9699999999853	20848.7013791055
71.1249999999844	802.848964	71.1400000000046	4745.4948498211	71.0499999999847	8549.7903957752	71.1199999999842	12627.0842292413	71.1149999999846	16850.1618279514	71.0699999999852	20851.2456528835
71.2249999999843	782.368682444	71.2400000000045	4752.4895014651	71.1499999999846	8542.0334276422	71.2199999999841	12624.5678760853	71.2149999999845	16844.7999063514	71.1699999999851	20822.3838928832
71.3249999999842	809.348097422	71.3400000000044	4736.9685236431	71.2499999999845	8530.9235844422	71.319999999984	12623.9323378633	71.3149999999844	16857.3189306624	71.269999999985	20828.43191755
71.4249999999841	818.0376796	71.4400000000043	4766.7473896431	71.3499999999844	8533.8231835752			71.4149999999843	16859.2647931954	71.3699999999849	20827.7560926611
71.524999999984	781.909146667	71.5400000000042	4750.0955561321	71.4499999999843	8534.6494963092			71.5149999999842	16856.7383283954	71.4699999999848	20837.7993108835
71.6249999999839	779.163509867			71.5499999999842	8568.0709005752			71.6149999999841	16865.4690343064	71.5699999999847	20823.991530661
