E	j	j
V RHE		mA cm-2
ML_030
0.69045	-0.00243	-0.17322
0.69231	-9.59125E-4	-0.06851
0.69432	-0.00136	-0.09722
0.69633	-9.72837E-4	-0.06949
0.69835	-0.00101	-0.07209
0.70031	-8.0728E-4	-0.05766
0.70238	-8.96581E-4	-0.06404
0.70431	-7.14968E-4	-0.05107
0.70637	-7.79519E-4	-0.05568
0.70829	-5.91218E-4	-0.04223
0.71037	-6.3336E-4	-0.04524
0.71228	-4.39707E-4	-0.03141
0.71437	-5.50079E-4	-0.03929
0.71629	-4.39038E-4	-0.03136
0.71836	-5.46735E-4	-0.03905
0.72028	-4.08268E-4	-0.02916
0.72235	-4.15292E-4	-0.02966
0.72428	-2.78163E-4	-0.01987
0.72638	-3.89538E-4	-0.02782
0.72832	-2.59099E-4	-0.01851
0.73039	-3.05589E-4	-0.02183
0.73231	-1.88193E-4	-0.01344
0.73438	-2.61774E-4	-0.0187
0.7363	-1.3702E-4	-0.00979
0.73837	-1.82842E-4	-0.01306
0.7403	-4.63816E-5	-0.00331
0.74236	-1.33007E-4	-0.0095
0.74429	-1.05943E-5	-7.56737E-4
0.74636	-6.24357E-5	-0.00446
0.74828	3.3889E-5	0.00242
0.75034	-7.68175E-5	-0.00549
0.75228	7.63655E-5	0.00545
0.75436	1.08427E-7	7.74481E-6
0.75628	1.08474E-4	0.00775
0.75835	4.59295E-5	0.00328
0.76027	1.86069E-4	0.01329
0.76233	1.28207E-4	0.00916
0.76424	2.6868E-4	0.01919
0.76633	1.62991E-4	0.01164
0.76826	2.34565E-4	0.01675
0.77032	1.5396E-4	0.011
0.77224	2.63329E-4	0.01881
0.77431	1.86403E-4	0.01331
0.77626	3.03799E-4	0.0217
0.77836	2.16839E-4	0.01549
0.78028	3.1216E-4	0.0223
0.78235	2.23863E-4	0.01599
0.78427	3.72029E-4	0.02657
0.78634	2.99116E-4	0.02137
0.78825	4.35576E-4	0.03111
0.79033	3.48951E-4	0.02493
0.79225	4.97117E-4	0.03551
0.79433	3.78718E-4	0.02705
0.79624	4.62667E-4	0.03305
0.79831	3.73032E-4	0.02665
0.80023	5.15178E-4	0.0368
0.80234	4.17181E-4	0.0298
0.80427	5.44276E-4	0.03888
0.80636	4.43269E-4	0.03166
0.80827	5.51969E-4	0.03943
0.81034	4.84073E-4	0.03458
0.81226	6.64682E-4	0.04748
0.81434	5.18522E-4	0.03704
0.81625	6.93111E-4	0.04951
0.81833	5.9779E-4	0.0427
0.82024	6.74047E-4	0.04815
0.82233	5.64344E-4	0.04031
0.82423	6.96121E-4	0.04972
0.82632	6.15516E-4	0.04397
0.82824	7.42611E-4	0.05304
0.83039	6.98797E-4	0.04991
0.83226	7.66358E-4	0.05474
0.83435	7.01807E-4	0.05013
0.83623	8.50307E-4	0.06074
0.83833	7.48966E-4	0.0535
0.84023	8.89105E-4	0.06351
0.84233	8.24554E-4	0.0589
0.84423	9.49642E-4	0.06783
0.84632	8.32915E-4	0.05949
0.84822	9.73723E-4	0.06955
0.85032	9.20544E-4	0.06575
0.85222	0.001	0.07175
0.85433	9.11848E-4	0.06513
0.85622	0.00103	0.07368
0.85831	9.42284E-4	0.06731
0.86021	0.00108	0.07681
0.86231	9.84761E-4	0.07034
0.86419	0.00114	0.08121
0.86631	0.00106	0.07564
0.86818	0.00123	0.08804
0.87031	0.00107	0.07612
0.87218	0.00118	0.08403
0.87429	0.00112	0.08025
0.87617	0.00121	0.08611
0.8783	0.0011	0.07858
0.8802	0.00123	0.08785
0.88232	0.00117	0.08336
0.8842	0.00127	0.09036
0.88632	0.00118	0.08393
0.88819	0.0013	0.09316
0.8903	0.00129	0.09215
0.89217	0.0014	0.09968
0.8943	0.00132	0.09416
0.89617	0.0014	0.10025
0.89829	0.00135	0.09664
0.90016	0.00144	0.10283
0.90229	0.00134	0.09588
0.90417	0.00143	0.1024
0.90632	0.00136	0.09707
0.90819	0.00147	0.10508
0.91033	0.00138	0.09882
0.91219	0.00148	0.10591
0.91431	0.00142	0.10133
0.91616	0.00154	0.10995
0.91832	0.0015	0.10747
0.92017	0.00157	0.11179
0.92231	0.00149	0.10649
0.92416	0.00158	0.11267
0.9263	0.0015	0.10706
0.92815	0.00158	0.11253
0.93032	0.00153	0.10902
0.93219	0.00162	0.11592
0.93433	0.00158	0.1127
0.93619	0.00163	0.11654
0.93832	0.00164	0.11695
0.94017	0.00168	0.11965
0.94232	0.00165	0.11817
0.94416	0.00177	0.12677
0.9463	0.00176	0.12536
0.94816	0.00176	0.12574
0.95031	0.00173	0.12383
0.95215	0.00174	0.12447
0.9543	0.00178	0.1271
0.95615	0.0018	0.12868
0.9583	0.00178	0.12684
0.96015	0.00181	0.1294
0.96229	0.00181	0.1293
0.96414	0.00183	0.131
0.96628	0.00185	0.13243
0.96812	0.00192	0.13685
0.97028	0.00195	0.13955
0.97213	0.00194	0.13857
0.97427	0.00192	0.13709
0.97611	0.00195	0.13943
0.97826	0.00194	0.13845
0.9801	0.00198	0.14172
0.9823	0.00198	0.14144
0.98414	0.00198	0.14177
0.9863	0.002	0.14251
0.98813	0.00198	0.14141
0.99029	0.002	0.14299
0.99213	0.00201	0.1439
0.99426	0.00207	0.1476
0.99611	0.00208	0.14865
0.99828	0.00204	0.14576
1.00011	0.00208	0.14863
1.00225	0.00208	0.14879
1.0041	0.00207	0.14774
1.00627	0.00205	0.14674
1.00815	0.00209	0.14913
1.0103	0.00209	0.14937
1.01214	0.00213	0.15185
1.01428	0.00215	0.15329
1.01613	0.00212	0.1514
1.01828	0.00221	0.15761
1.02015	0.0022	0.15744
1.02225	0.00222	0.15837
1.02413	0.00221	0.15787
1.02626	0.00222	0.15876
1.02811	0.00221	0.15816
1.03026	0.00224	0.15981
1.03212	0.00225	0.16041
1.0343	0.00228	0.16287
1.03614	0.00224	0.16002
1.03829	0.00227	0.16184
1.04013	0.00232	0.16576
1.04228	0.00237	0.16929
1.04412	0.00239	0.1708
1.04627	0.00241	0.17216
1.04812	0.0024	0.17128
1.05027	0.00242	0.1729
1.05211	0.00239	0.17049
1.05426	0.00241	0.17245
1.0561	0.00241	0.17211
1.05825	0.00247	0.17651
1.0601	0.00243	0.17343
1.06226	0.00244	0.17436
1.06409	0.00248	0.17737
1.06623	0.00248	0.17706
1.06808	0.00247	0.17608
1.07024	0.00251	0.17906
1.07207	0.00256	0.18303
1.07424	0.00257	0.18341
1.07607	0.00252	0.17973
1.07822	0.00254	0.18164
1.08005	0.00249	0.17806
1.08222	0.00258	0.18451
1.08408	0.00253	0.18062
1.08626	0.00255	0.182
1.08809	0.00254	0.18174
1.09025	0.00258	0.18427
1.09208	0.00255	0.18215
1.09423	0.00261	0.1863
1.09607	0.00256	0.1831
1.09823	0.00265	0.18893
1.10006	0.00262	0.18747
1.10222	0.00266	0.19027
1.10406	0.00261	0.18654
1.10621	0.00269	0.19213
1.10805	0.00264	0.18855
1.11026	0.0027	0.19316
1.1121	0.00265	0.18958
1.11426	0.00268	0.19122
1.11609	0.00263	0.18771
1.11825	0.00267	0.19084
1.12008	0.00267	0.19058
1.12224	0.00273	0.19505
1.12409	0.00267	0.19048
1.12625	0.00268	0.19149
1.12808	0.00264	0.18876
1.13024	0.00267	0.19067
1.13207	0.00267	0.19053
1.13424	0.00267	0.19051
1.1361	0.00263	0.18805
1.13828	0.00269	0.19237
1.14011	0.00264	0.18872
1.14226	0.00271	0.1933
1.14409	0.00269	0.19184
1.14624	0.00273	0.19536
1.14809	0.00273	0.19493
1.15024	0.00275	0.19665
1.15208	0.00272	0.19407
1.15424	0.00271	0.1938
1.15606	0.00267	0.19058
1.15823	0.00273	0.19517
1.16005	0.0027	0.19263
1.16223	0.00273	0.19524
1.16406	0.00267	0.1906
1.16622	0.00274	0.19567
1.16805	0.00269	0.1922
1.17021	0.00275	0.19665
1.17204	0.0027	0.19263
1.1742	0.0028	0.19978
1.17604	0.00276	0.19703
1.1782	0.00275	0.19674
1.18003	0.00272	0.19404
1.18219	0.00272	0.19404
1.18402	0.00274	0.19562
1.18622	0.00278	0.19858
1.18806	0.00275	0.1966
1.19023	0.00279	0.19932
1.19206	0.00275	0.19615
1.19422	0.00275	0.19626
1.19604	0.00274	0.19586
1.19821	0.00277	0.19801
1.20004	0.00278	0.19825
1.20221	0.00278	0.19846
1.20403	0.00274	0.19545
1.2062	0.00277	0.19815
1.20802	0.00276	0.19724
1.21018	0.00281	0.20066
1.21205	0.00279	0.19894
1.21423	0.00286	0.20412
1.21606	0.00283	0.20219
1.21823	0.00282	0.20178
1.22005	0.00277	0.19779
1.22222	0.00288	0.20572
1.22404	0.00284	0.20269
1.2262	0.00294	0.2101
1.22804	0.00287	0.20484
1.2302	0.00291	0.20776
1.23204	0.00288	0.20551
1.23419	0.00292	0.20823
1.23602	0.00287	0.20494
1.23823	0.00295	0.21053
1.24007	0.00291	0.20788
1.24222	0.00301	0.21485
1.24406	0.0029	0.20728
1.24621	0.00299	0.2133
1.24805	0.00294	0.20964
1.2502	0.00305	0.21779
1.25204	0.00304	0.21695
1.2542	0.00309	0.22042
1.25603	0.00301	0.21497
1.25819	0.00313	0.22328
1.26003	0.003	0.21399
1.26217	0.00311	0.2219
1.26404	0.00305	0.21791
1.26618	0.00314	0.22424
1.26803	0.00308	0.21999
1.27017	0.00322	0.23031
1.27202	0.00316	0.22586
1.27415	0.00327	0.23365
1.276	0.00321	0.22911
1.27815	0.00333	0.23752
1.28001	0.00323	0.23062
1.28214	0.00336	0.24013
1.284	0.00326	0.23253
1.28614	0.00337	0.24041
1.28801	0.00327	0.23382
1.29016	0.00339	0.24225
1.29203	0.00329	0.23473
1.29416	0.00344	0.24569
1.29603	0.00334	0.23872
1.29814	0.00351	0.25042
1.30002	0.00341	0.24345
1.30213	0.00359	0.25654
1.30402	0.00347	0.24763
1.30612	0.0036	0.25702
1.30801	0.00344	0.24545
1.31011	0.00359	0.25668
1.31201	0.00351	0.25061
1.31413	0.00364	0.26024
1.31604	0.00353	0.25193
1.31815	0.00364	0.25996
1.32003	0.00349	0.24911
1.32212	0.00371	0.26497
1.32403	0.00359	0.2562
1.32612	0.00373	0.26638
1.32802	0.00366	0.26129
1.33013	0.00379	0.27059
1.33202	0.00363	0.25948
1.33411	0.00382	0.27302
1.33602	0.0037	0.2644
1.3381	0.00384	0.27427
1.34004	0.00373	0.26631
1.34214	0.00387	0.27649
1.34405	0.00375	0.26774
1.34613	0.00391	0.27952
1.34804	0.00377	0.26915
1.35011	0.00401	0.28654
1.35204	0.0038	0.27152
1.35409	0.00405	0.2896
1.35604	0.00386	0.27606
1.35811	0.00404	0.28831
1.36002	0.00389	0.2778
1.36209	0.00413	0.29483
1.36402	0.00393	0.28043
1.3661	0.0041	0.2929
1.36803	0.00393	0.28088
1.37009	0.00413	0.29464
1.37201	0.00398	0.28456
1.37408	0.00415	0.29648
1.376	0.00402	0.28748
1.37807	0.0042	0.30028
1.37999	0.00403	0.28772
1.38206	0.00419	0.29925
1.384	0.00406	0.29025
1.38606	0.00423	0.30219
1.38798	0.00412	0.2944
1.39007	0.0043	0.30695
1.39203	0.0041	0.29295
1.39408	0.00428	0.30573
1.39602	0.00413	0.29517
1.39808	0.00432	0.30838
1.4	0.00421	0.3005
1.40206	0.00438	0.31318
1.404	0.00424	0.30277
1.40606	0.00444	0.31681
1.408	0.0043	0.30728
1.41005	0.0044	0.31457
1.41199	0.00428	0.30599
1.41404	0.00443	0.31653
1.416	0.00432	0.30848
1.41808	0.00448	0.31987
1.42003	0.00427	0.30511
1.42208	0.00444	0.31691
1.42402	0.00436	0.31141
1.42607	0.00448	0.32009
1.42799	0.00437	0.31194
1.43006	0.00458	0.32706
1.43201	0.00441	0.31536
1.43405	0.00455	0.32489
1.436	0.0044	0.31433
1.43805	0.00453	0.32331
1.43998	0.00443	0.31669
1.44208	0.00462	0.33029
1.44403	0.00449	0.32037
1.44609	0.0046	0.32893
1.44802	0.00453	0.32331
1.45007	0.00466	0.3327
1.452	0.00458	0.32718
1.45406	0.00472	0.33681
1.456	0.00466	0.33284
1.45804	0.00479	0.34211
1.45999	0.00463	0.33062
1.46204	0.00476	0.33977
1.46398	0.00465	0.33179
1.46603	0.00483	0.34522
1.46798	0.0047	0.3355
1.47004	0.00485	0.34613
1.47199	0.00474	0.33848
1.47403	0.00491	0.35071
1.47597	0.00477	0.34092
1.47802	0.00491	0.35069
1.47996	0.00478	0.3414
1.482	0.005	0.35747
1.48397	0.00486	0.34706
1.48601	0.005	0.35731
1.48797	0.00487	0.34794
1.49	0.00506	0.36134
1.49195	0.00493	0.35236
1.49403	0.00511	0.36526
1.49598	0.00503	0.35893
1.49803	0.00516	0.36875
1.49997	0.00506	0.3612
1.50201	0.00525	0.37527
1.50397	0.00517	0.36963
1.506	0.00533	0.38072
1.50794	0.00525	0.37503
1.51	0.00541	0.38674
1.51195	0.00528	0.37697
1.51398	0.00546	0.38982
1.51594	0.00539	0.38483
1.51799	0.00553	0.39532
1.51995	0.00543	0.3875
1.52198	0.00565	0.4037
1.52394	0.00557	0.39754
1.52597	0.00575	0.41037
1.52792	0.0057	0.40695
1.52995	0.00594	0.42432
1.53192	0.0059	0.42126
1.53396	0.00609	0.43502
1.53591	0.006	0.42831
1.53794	0.00619	0.44205
1.53991	0.00616	0.44028
1.54194	0.00637	0.4548
1.54391	0.00637	0.45492
1.54598	0.00658	0.46973
1.54794	0.00652	0.46605
1.54996	0.0068	0.48538
1.55192	0.00676	0.48306
1.55394	0.00699	0.49962
1.55591	0.00701	0.50062
1.55793	0.00743	0.53068
1.55991	0.00742	0.52972
1.56192	0.00765	0.54671
1.56388	0.00774	0.55256
1.56591	0.00805	0.57471
1.56787	0.00819	0.58527
1.5699	0.00851	0.60765
1.57187	0.00862	0.61606
1.57388	0.00908	0.6485
1.57585	0.0092	0.65696
1.57786	0.00964	0.6889
1.57983	0.00988	0.70579
1.58185	0.01034	0.73866
1.5838	0.01069	0.76389
1.58582	0.01121	0.80073
1.58779	0.01151	0.82221
1.58979	0.01215	0.86767
1.59175	0.01253	0.89533
1.59378	0.01319	0.94245
1.59578	0.01372	0.98017
1.59779	0.01452	1.03741
1.59975	0.01516	1.08266
1.60176	0.016	1.14279
1.60371	0.01667	1.19102
1.60571	0.01768	1.26291
1.60767	0.01862	1.33023
1.60969	0.01959	1.39951
1.61166	0.02048	1.4632
1.61365	0.02172	1.55133
1.61563	0.02261	1.61495
1.61763	0.02382	1.70131
1.61967	0.02484	1.77396
1.62168	0.02601	1.85782
1.62366	0.02695	1.92497
1.62568	0.02816	2.0116
1.62767	0.02904	2.07395
1.62971	0.03007	2.14772
1.63167	0.03086	2.20463
1.63371	0.03188	2.2768
1.63569	0.03256	2.3258
1.63771	0.0335	2.39281
1.63967	0.03432	2.45148
1.64166	0.03534	2.52442
1.64365	0.03631	2.5933
1.64564	0.03755	2.68221
1.64759	0.03875	2.76757
1.64958	0.04024	2.87424
1.65153	0.04166	2.97547
1.6535	0.04345	3.10366
1.65546	0.04512	3.22321
1.65745	0.0471	3.3644
1.6594	0.04896	3.4972
1.66139	0.05115	3.65339
1.66335	0.05316	3.79712
1.66533	0.05556	3.9686
1.66731	0.05779	4.12816
1.66929	0.06033	4.30951
1.67125	0.06273	4.48061
1.67325	0.06536	4.66855
1.6752	0.06791	4.85079
1.6772	0.07073	5.05182
1.67915	0.07349	5.24906
1.68114	0.07654	5.46722
1.68311	0.07934	5.66728
1.6851	0.08247	5.89046
1.68707	0.08547	6.10482
1.68911	0.08874	6.33842
1.68987	0.08518	6.08401
1.6881	0.07583	5.41665
1.68551	0.06769	4.83466
1.68312	0.06201	4.42906
1.68096	0.05732	4.09424
1.67893	0.05306	3.79
1.67689	0.04878	3.48459
1.67483	0.0451	3.22125
1.67276	0.04147	2.96192
1.67072	0.03834	2.7386
1.66866	0.03522	2.51561
1.66662	0.0325	2.32179
1.66459	0.02976	2.12562
1.66257	0.02738	1.95536
1.66052	0.02501	1.78651
1.65851	0.02298	1.64113
1.65647	0.02073	1.48074
1.65447	0.01888	1.34839
1.65244	0.01693	1.20958
1.65044	0.01536	1.09723
1.64841	0.01361	0.97181
1.6464	0.01224	0.87441
1.64434	0.01067	0.76241
1.64234	0.00943	0.67356
1.64032	0.00798	0.57022
1.63833	0.00684	0.48882
1.63629	0.00564	0.40279
1.6343	0.00448	0.32021
1.63229	0.00322	0.22971
1.6303	0.00217	0.15522
1.62828	9.87436E-4	0.07053
1.62629	1.46937E-4	0.0105
1.62427	-9.32702E-4	-0.06662
1.62227	-0.0018	-0.12835
1.62021	-0.0028	-0.19995
1.61821	-0.00351	-0.25081
1.61617	-0.00431	-0.3076
1.61417	-0.00478	-0.34124
1.61214	-0.00543	-0.38813
1.61014	-0.0058	-0.41417
1.60809	-0.00626	-0.44702
1.60608	-0.00635	-0.45323
1.60407	-0.00663	-0.47356
1.60207	-0.00659	-0.4707
1.60004	-0.00665	-0.47517
1.59804	-0.00651	-0.46494
1.59599	-0.0065	-0.46444
1.59398	-0.00622	-0.44399
1.59197	-0.00613	-0.43773
1.58998	-0.00577	-0.41233
1.58798	-0.00563	-0.40185
1.58599	-0.00521	-0.37241
1.58398	-0.00516	-0.3689
1.58199	-0.0048	-0.34265
1.57999	-0.0047	-0.3356
1.57801	-0.00445	-0.3179
1.57601	-0.00439	-0.31341
1.57403	-0.00409	-0.29224
1.57202	-0.00403	-0.28811
1.57003	-0.00381	-0.27224
1.56802	-0.00385	-0.27525
1.56604	-0.00358	-0.25542
1.56403	-0.00362	-0.25891
1.56206	-0.00342	-0.24405
1.56005	-0.00348	-0.24878
1.55807	-0.00334	-0.23851
1.55606	-0.00339	-0.24217
1.55408	-0.00329	-0.2349
1.55207	-0.00341	-0.24358
1.55008	-0.00309	-0.22081
1.54811	-0.00324	-0.23173
1.54611	-0.00315	-0.22532
1.54403	-0.00323	-0.23075
1.54208	-0.00306	-0.21873
1.54006	-0.00319	-0.22809
1.53807	-0.00308	-0.21995
1.53607	-0.00319	-0.22766
1.53408	-0.00299	-0.21364
1.53207	-0.00318	-0.22692
1.53008	-0.00304	-0.21739
1.52807	-0.00314	-0.22427
1.5261	-0.00301	-0.21529
1.52408	-0.00317	-0.22649
1.52211	-0.00306	-0.21878
1.52009	-0.00321	-0.22905
1.51809	-0.00307	-0.21923
1.51608	-0.00319	-0.22814
1.5141	-0.00307	-0.21904
1.51209	-0.0032	-0.22855
1.51011	-0.00308	-0.22031
1.50809	-0.0032	-0.22836
1.50611	-0.00304	-0.21746
1.50411	-0.00322	-0.22984
1.50212	-0.00308	-0.21978
1.50011	-0.00321	-0.22962
1.49813	-0.00304	-0.21694
1.49612	-0.00317	-0.22678
1.49412	-0.00304	-0.21696
1.49209	-0.00318	-0.22711
1.49011	-0.00304	-0.21722
1.48809	-0.00318	-0.22695
1.48611	-0.003	-0.21429
1.4841	-0.00309	-0.22093
1.48211	-0.00295	-0.21075
1.4801	-0.0031	-0.22129
1.47813	-0.00298	-0.21314
1.47611	-0.00311	-0.22198
1.47415	-0.00298	-0.21302
1.47213	-0.00313	-0.22391
1.47015	-0.00295	-0.21082
1.46812	-0.00305	-0.21811
1.46615	-0.00296	-0.21159
1.46413	-0.00309	-0.22059
1.46214	-0.00292	-0.20827
1.46014	-0.00306	-0.21871
1.45815	-0.00288	-0.20592
1.45614	-0.00311	-0.22193
1.45416	-0.00298	-0.21295
1.45214	-0.00311	-0.2221
1.45018	-0.00298	-0.21316
1.44816	-0.00313	-0.22363
1.44618	-0.00297	-0.21245
1.44417	-0.00314	-0.2243
1.44215	-0.00297	-0.21228
1.44012	-0.0031	-0.22143
1.43815	-0.00298	-0.21278
1.43613	-0.00308	-0.21997
1.43416	-0.00293	-0.20901
1.43215	-0.00311	-0.22217
1.43015	-0.00297	-0.2124
1.42814	-0.00308	-0.22016
1.42617	-0.003	-0.21419
1.42415	-0.00315	-0.22468
1.42218	-0.00296	-0.21161
1.42016	-0.00311	-0.22246
1.41818	-0.00295	-0.21042
1.41613	-0.00313	-0.22387
1.41414	-0.003	-0.21414
1.41212	-0.00313	-0.22391
1.41015	-0.00298	-0.21292
1.40814	-0.00312	-0.22274
1.40616	-0.00298	-0.2128
1.40413	-0.00317	-0.22621
1.40217	-0.003	-0.21457
1.40015	-0.00321	-0.22953
1.39818	-0.003	-0.21402
1.39616	-0.00322	-0.22998
1.39418	-0.00306	-0.21873
1.39216	-0.0032	-0.22879
1.39014	-0.00302	-0.21541
1.38813	-0.0032	-0.22876
1.38615	-0.00307	-0.21911
1.38414	-0.00325	-0.2323
1.38217	-0.00302	-0.21605
1.38015	-0.00321	-0.22936
1.37815	-0.00305	-0.2178
1.37615	-0.00324	-0.23173
1.37417	-0.00305	-0.21799
1.37216	-0.00323	-0.23046
1.37018	-0.00308	-0.2199
1.36817	-0.00323	-0.23106
1.36619	-0.00306	-0.2188
1.36416	-0.00326	-0.23271
1.36218	-0.00308	-0.21966
1.36017	-0.00325	-0.2318
1.35819	-0.00306	-0.21835
1.35618	-0.00317	-0.22668
1.3542	-0.00301	-0.2151
1.35217	-0.00326	-0.23304
1.3502	-0.00307	-0.21899
1.34819	-0.00325	-0.23204
1.34621	-0.0031	-0.22162
1.3442	-0.00329	-0.23502
1.34222	-0.00307	-0.21954
1.34017	-0.00327	-0.23354
1.33817	-0.00309	-0.22078
1.33617	-0.00323	-0.23044
1.33419	-0.00307	-0.21945
1.33217	-0.00324	-0.23144
1.3302	-0.00303	-0.21653
1.32818	-0.00326	-0.23278
1.32619	-0.00309	-0.22095
1.32417	-0.00326	-0.23278
1.32222	-0.00308	-0.21995
1.32018	-0.00327	-0.23349
1.31822	-0.00305	-0.21813
1.31619	-0.00325	-0.23204
1.31418	-0.00306	-0.21835
1.31216	-0.00318	-0.22726
1.31019	-0.00301	-0.21531
1.30816	-0.00321	-0.2291
1.3062	-0.00298	-0.21307
1.30417	-0.00318	-0.22743
1.30221	-0.00299	-0.21355
1.30017	-0.0032	-0.22881
1.29821	-0.003	-0.21398
1.29618	-0.00316	-0.2258
1.29423	-0.00297	-0.21242
1.29221	-0.00318	-0.22692
1.29024	-0.00299	-0.21364
1.28816	-0.00315	-0.22506
1.28621	-0.00297	-0.21211
1.28416	-0.00315	-0.22473
1.28221	-0.00296	-0.21125
1.28017	-0.00313	-0.22322
1.27822	-0.00289	-0.20638
1.27617	-0.00313	-0.22348
1.27423	-0.00293	-0.20927
1.27218	-0.00315	-0.22523
1.27024	-0.00295	-0.21049
1.26819	-0.00311	-0.22215
1.26625	-0.00296	-0.21108
1.26419	-0.00313	-0.22332
1.26225	-0.00291	-0.20803
1.26019	-0.00311	-0.22191
1.25825	-0.00289	-0.20612
1.2562	-0.00312	-0.2232
1.25426	-0.0029	-0.20712
1.2522	-0.0031	-0.22138
1.25027	-0.00293	-0.20927
1.24819	-0.00318	-0.2268
1.24628	-0.00295	-0.21051
1.24421	-0.00314	-0.22439
1.2423	-0.00298	-0.21297
1.24022	-0.00313	-0.22375
1.23829	-0.00296	-0.21137
1.23617	-0.00317	-0.22611
1.23427	-0.00297	-0.21209
1.23217	-0.00317	-0.22637
1.23029	-0.00297	-0.21223
1.22819	-0.00316	-0.22547
1.22629	-0.00294	-0.20968
1.22419	-0.00318	-0.22692
1.2223	-0.00296	-0.21166
1.2202	-0.00316	-0.22606
1.21829	-0.00296	-0.21147
1.2162	-0.00319	-0.22802
1.21431	-0.00301	-0.21491
1.21218	-0.00317	-0.22659
1.21026	-0.003	-0.2146
1.20817	-0.00323	-0.2306
1.20627	-0.00303	-0.21632
1.20418	-0.00319	-0.22759
1.20229	-0.00296	-0.21156
1.20019	-0.0032	-0.22881
1.19829	-0.00302	-0.21555
1.19619	-0.00322	-0.22972
1.19431	-0.00303	-0.21656
1.1922	-0.00328	-0.23443
1.19032	-0.00308	-0.21973
1.18821	-0.00324	-0.23137
1.1863	-0.00304	-0.21734
1.18417	-0.00329	-0.23481
1.18228	-0.00305	-0.21763
1.18017	-0.00322	-0.23008
1.1783	-0.00307	-0.21921
1.17618	-0.00321	-0.2295
1.17431	-0.00302	-0.21581
1.17218	-0.00324	-0.23144
1.1703	-0.00311	-0.22241
1.16819	-0.00331	-0.23615
1.16631	-0.00311	-0.22243
1.1642	-0.00333	-0.23772
1.16233	-0.00314	-0.22413
1.1602	-0.00333	-0.23803
1.15832	-0.00314	-0.22427
1.15621	-0.00332	-0.23689
1.15432	-0.00314	-0.22408
1.15223	-0.00328	-0.23416
1.15033	-0.00317	-0.22609
1.14822	-0.00335	-0.23937
1.14634	-0.00321	-0.22895
1.14423	-0.00336	-0.23982
1.14235	-0.00324	-0.23151
1.14024	-0.00341	-0.24346
1.13837	-0.00326	-0.23254
1.13623	-0.00345	-0.24642
1.13432	-0.00327	-0.2333
1.13221	-0.00345	-0.24642
1.13033	-0.00327	-0.23383
1.12822	-0.00347	-0.2479
1.12635	-0.00335	-0.23935
1.12422	-0.00345	-0.24625
1.12234	-0.00327	-0.2334
1.12022	-0.00346	-0.24704
1.11835	-0.00336	-0.24021
1.11623	-0.0035	-0.24969
1.11436	-0.00336	-0.23968
1.11225	-0.0035	-0.25007
1.11034	-0.00338	-0.24154
1.10818	-0.00353	-0.25225
1.10631	-0.00339	-0.24205
1.1042	-0.00357	-0.25511
1.10232	-0.00344	-0.24601
1.1002	-0.00352	-0.25165
1.09832	-0.00339	-0.24245
1.09621	-0.0036	-0.25748
1.09433	-0.0035	-0.24993
1.09222	-0.00364	-0.25975
1.09034	-0.00349	-0.24936
1.08824	-0.0037	-0.26407
1.08636	-0.00357	-0.25509
1.0842	-0.00367	-0.26245
1.08231	-0.00355	-0.25368
1.0802	-0.00374	-0.26694
1.07832	-0.00362	-0.25879
1.07621	-0.00372	-0.26579
1.07432	-0.00353	-0.25201
1.07222	-0.00374	-0.26739
1.07032	-0.00365	-0.26068
1.06823	-0.0038	-0.27138
1.06634	-0.00366	-0.26123
1.06423	-0.00385	-0.2747
1.06236	-0.00373	-0.26649
1.06024	-0.00384	-0.27456
1.05835	-0.00372	-0.26577
1.05624	-0.00393	-0.28041
1.05436	-0.00378	-0.27019
1.05225	-0.0039	-0.27884
1.05036	-0.00378	-0.27019
1.04824	-0.0039	-0.27845
1.04637	-0.00376	-0.26833
1.04426	-0.00393	-0.28084
1.04237	-0.00385	-0.27485
1.04027	-0.00405	-0.28923
1.03839	-0.00392	-0.27994
1.03628	-0.00405	-0.28918
1.0344	-0.00394	-0.28142
1.03224	-0.00411	-0.2937
1.03036	-0.00395	-0.28244
1.02825	-0.00413	-0.29499
1.02636	-0.004	-0.28569
1.02426	-0.00412	-0.29429
1.02236	-0.00392	-0.28017
1.02025	-0.00412	-0.29425
1.01837	-0.00403	-0.28794
1.01628	-0.00421	-0.30062
1.01439	-0.00406	-0.29002
1.01228	-0.0042	-0.30031
1.0104	-0.00411	-0.29324
1.00826	-0.00426	-0.3043
1.00634	-0.00414	-0.2957
1.00424	-0.00425	-0.30354
1.00235	-0.00417	-0.29807
1.00025	-0.00427	-0.30524
0.99836	-0.00415	-0.29637
0.99625	-0.0043	-0.30719
0.99437	-0.00423	-0.30189
0.99226	-0.0044	-0.31453
0.99037	-0.00429	-0.30653
0.98827	-0.00441	-0.31517
0.98638	-0.00431	-0.3077
0.98429	-0.00447	-0.3194
0.98237	-0.00437	-0.31181
0.98024	-0.00449	-0.32072
0.97835	-0.00438	-0.31317
0.97625	-0.00455	-0.32497
0.97437	-0.00442	-0.31603
0.97226	-0.00452	-0.32282
0.97036	-0.00441	-0.31482
0.96827	-0.0046	-0.32848
0.96637	-0.0045	-0.32143
0.96428	-0.00463	-0.33065
0.96238	-0.0045	-0.32119
0.96029	-0.00467	-0.33323
0.95839	-0.00453	-0.32342
0.95629	-0.00467	-0.33335
0.95437	-0.00453	-0.32389
0.95229	-0.0047	-0.33543
0.95039	-0.00453	-0.32368
0.9483	-0.00465	-0.33223
0.94639	-0.0045	-0.32107
0.9443	-0.00464	-0.33173
0.9424	-0.00458	-0.32693
0.94031	-0.00468	-0.33457
0.93841	-0.00462	-0.3297
0.93632	-0.00475	-0.33909
0.93442	-0.00464	-0.33118
0.93232	-0.00476	-0.33966
0.93039	-0.00467	-0.3339
0.92829	-0.00478	-0.34174
0.92638	-0.0047	-0.33538
0.92431	-0.00477	-0.34097
0.9224	-0.00462	-0.32994
0.9203	-0.00467	-0.33378
0.9184	-0.00462	-0.32999
0.9163	-0.00473	-0.33808
0.91441	-0.00465	-0.33187
0.91232	-0.00479	-0.34248
0.91042	-0.00467	-0.33393
0.90833	-0.00476	-0.33973
0.90642	-0.00467	-0.33343
0.9043	-0.0048	-0.3425
0.90239	-0.00467	-0.33393
0.9003	-0.00474	-0.33885
0.8984	-0.00464	-0.33161
0.8963	-0.00473	-0.33811
0.8944	-0.00462	-0.33018
0.89231	-0.00471	-0.33677
0.89041	-0.00468	-0.33433
0.88832	-0.00483	-0.34532
0.88642	-0.00473	-0.33753
0.88434	-0.0048	-0.3431
0.88242	-0.00474	-0.33835
0.88031	-0.00484	-0.34561
0.87838	-0.00472	-0.33746
0.8763	-0.0048	-0.34286
0.8744	-0.00473	-0.33785
0.87231	-0.00484	-0.34571
0.8704	-0.00469	-0.33531
0.86831	-0.00478	-0.34162
0.86641	-0.00476	-0.34004
0.86432	-0.00483	-0.34504
0.86242	-0.00478	-0.34157
0.86033	-0.00488	-0.34848
0.85843	-0.00477	-0.34081
0.85634	-0.00484	-0.34563
0.85443	-0.00482	-0.3441
0.85233	-0.00487	-0.348
0.85043	-0.00479	-0.34191
0.84834	-0.00489	-0.3495
0.84644	-0.0048	-0.34303
0.84436	-0.00483	-0.34499
0.84245	-0.00475	-0.33947
0.84036	-0.00486	-0.34743
0.83845	-0.00481	-0.34358
0.83636	-0.00488	-0.34852
0.83446	-0.00481	-0.34375
0.83238	-0.00488	-0.34883
0.83048	-0.00484	-0.34571
0.82836	-0.00489	-0.349
0.82644	-0.00483	-0.34513
0.82435	-0.00492	-0.35149
0.82244	-0.00486	-0.34733
0.82036	-0.00489	-0.34962
0.81845	-0.00476	-0.34021
0.81635	-0.00487	-0.34809
0.81445	-0.00481	-0.34351
0.81236	-0.00486	-0.34728
0.81047	-0.00483	-0.34494
0.80837	-0.00488	-0.34831
0.80647	-0.00483	-0.34501
0.80437	-0.00488	-0.34838
0.80244	-0.00481	-0.3436
0.80033	-0.00489	-0.34953
0.79843	-0.00483	-0.34468
0.79634	-0.00486	-0.34723
0.79444	-0.00481	-0.34367
0.79234	-0.0048	-0.34274
0.79045	-0.00479	-0.342
0.78835	-0.00491	-0.35072
0.78646	-0.00486	-0.34716
0.78437	-0.00494	-0.35292
0.78248	-0.00486	-0.34723
0.78038	-0.00488	-0.3486
0.77848	-0.00484	-0.34566
0.77635	-0.00493	-0.35244
0.77443	-0.00484	-0.34604
0.77235	-0.00489	-0.34903
0.77045	-0.00487	-0.34778
0.76836	-0.00494	-0.35259
0.76644	-0.00484	-0.34582
0.76435	-0.00489	-0.34922
0.76245	-0.00489	-0.3496
0.76037	-0.00497	-0.35519
0.75847	-0.00491	-0.35087
0.75638	-0.00498	-0.35567
0.75448	-0.00491	-0.35082
0.75239	-0.00502	-0.35837
0.75046	-0.00489	-0.34934
0.74839	-0.005	-0.35686
0.74648	-0.00496	-0.35397
0.74439	-0.00504	-0.36016
0.74249	-0.00492	-0.3517
0.74039	-0.00499	-0.35615
0.7385	-0.00497	-0.35502
0.73641	-0.00505	-0.36042
0.7345	-0.00498	-0.35576
0.73241	-0.00508	-0.36288
0.73051	-0.00506	-0.36135
0.72843	-0.00514	-0.36699
0.72649	-0.00508	-0.36262
0.72438	-0.00514	-0.36713
0.72249	-0.00511	-0.36498
0.72038	-0.00518	-0.37
0.71849	-0.00513	-0.36656
0.71642	-0.00521	-0.3721
0.71449	-0.00513	-0.36654
0.7124	-0.00521	-0.37189
0.71049	-0.00517	-0.36924
0.70841	-0.00526	-0.37554
0.7065	-0.00524	-0.37413
0.70443	-0.00531	-0.37939
0.70252	-0.00526	-0.37566
0.70042	-0.00536	-0.38252
0.6985	-0.00532	-0.37994
0.69643	-0.00538	-0.38441
0.69452	-0.0053	-0.37886
0.69243	-0.00537	-0.38367
0.69052	-0.00529	-0.37755
0.69229	-0.00287	-0.20487
0.69423	-0.00325	-0.23211
0.69634	-0.00277	-0.19799
0.69832	-0.0026	-0.18583
0.70029	-0.00246	-0.17575
0.70237	-0.00225	-0.16101
0.70429	-0.00221	-0.1581
0.70638	-0.00203	-0.14465
0.70828	-0.00196	-0.13987
0.71037	-0.0018	-0.12828
0.71227	-0.00177	-0.12618
0.71437	-0.00161	-0.11529
0.71629	-0.00162	-0.11548
0.71837	-0.00152	-0.10857
0.72029	-0.00153	-0.10943
0.72236	-0.0014	-0.09976
0.72427	-0.00137	-0.09804
0.72638	-0.00124	-0.08891
0.72831	-0.00127	-0.09075
0.7304	-0.00112	-0.07998
0.73231	-0.00114	-0.08139
0.73438	-0.00102	-0.07317
0.73629	-0.00104	-0.07441
0.73837	-8.97249E-4	-0.06409
0.74028	-8.86212E-4	-0.0633
0.74238	-8.52432E-4	-0.06089
0.74429	-8.80192E-4	-0.06287
0.74637	-7.74837E-4	-0.05535
0.74827	-7.81526E-4	-0.05582
0.75035	-6.99249E-4	-0.04995
0.75228	-7.21658E-4	-0.05155
0.75436	-6.24998E-4	-0.04464
0.75627	-6.57441E-4	-0.04696
0.75835	-5.57437E-4	-0.03982
0.76027	-5.96569E-4	-0.04261
0.76234	-4.61113E-4	-0.03294
0.76425	-4.67133E-4	-0.03337
0.76634	-4.13619E-4	-0.02954
0.76825	-4.54089E-4	-0.03243
0.77033	-3.75825E-4	-0.02684
0.77224	-4.32349E-4	-0.03088
0.77432	-3.75156E-4	-0.0268
0.77624	-4.00241E-4	-0.02859
0.77836	-2.91876E-4	-0.02085
0.78027	-3.43048E-4	-0.0245
0.78237	-2.68463E-4	-0.01918
0.78426	-3.09602E-4	-0.02211
0.78635	-2.03913E-4	-0.01457
0.78824	-2.18294E-4	-0.01559
0.79033	-9.88919E-5	-0.00706
0.79224	-1.33007E-4	-0.0095
0.79433	-7.31384E-5	-0.00522
0.79624	-1.60767E-4	-0.01148
0.79832	-7.14661E-5	-0.0051
0.80023	-1.50064E-4	-0.01072
0.80234	-2.1966E-5	-0.00157
0.80427	-7.54797E-5	-0.00539
0.80636	1.38213E-5	9.87238E-4
0.80827	-7.58141E-5	-0.00542
0.81035	6.23181E-5	0.00445
0.81225	2.61964E-5	0.00187
0.81435	1.26869E-4	0.00906
0.81625	7.97101E-5	0.00569
0.81835	1.88075E-4	0.01343
0.82024	5.83046E-5	0.00416
0.82234	1.73359E-4	0.01238
0.82423	1.05798E-4	0.00756
0.82632	2.45937E-4	0.01757
0.82826	1.76704E-4	0.01262
0.83037	2.83397E-4	0.02024
0.83227	1.92089E-4	0.01372
0.83434	3.42262E-4	0.02445
0.83627	2.72359E-4	0.01945
0.83834	3.87414E-4	0.02767
0.84025	3.03464E-4	0.02168
0.84233	4.67015E-4	0.03336
0.84425	3.69353E-4	0.02638
0.84633	4.73036E-4	0.03379
0.84824	3.87414E-4	0.02767
0.85032	5.36583E-4	0.03833
0.85224	4.18184E-4	0.02987
0.85432	5.87421E-4	0.04196
0.85624	4.921E-4	0.03515
0.85831	6.42942E-4	0.04592
0.86023	5.24877E-4	0.03749
0.8623	6.90101E-4	0.04929
0.86423	5.59661E-4	0.03998
0.86629	7.77395E-4	0.05553
0.86821	7.12175E-4	0.05087
0.87029	8.28233E-4	0.05916
0.87221	6.68026E-4	0.04772
0.87428	8.26226E-4	0.05902
0.8762	6.94114E-4	0.04958
0.87828	8.53986E-4	0.061
0.88024	7.14516E-4	0.05104
0.88231	9.00811E-4	0.06434
0.88424	7.64351E-4	0.0546
0.88631	9.14858E-4	0.06535
0.88822	8.23216E-4	0.0588
0.89028	0.001	0.07146
0.89221	8.68368E-4	0.06203
0.89429	0.00106	0.07579
0.8962	8.97132E-4	0.06408
0.89828	0.00108	0.07722
0.9002	9.66365E-4	0.06903
0.90226	0.00112	0.0798
0.90421	0.00101	0.07216
0.9063	0.00117	0.08389
0.90823	0.00105	0.07521
0.91029	0.00115	0.08205
0.91222	0.00103	0.07323
0.91428	0.00121	0.08668
0.91621	0.00112	0.07966
0.91827	0.00128	0.09172
0.92022	0.00114	0.08135
0.92227	0.0013	0.09277
0.92421	0.00119	0.08498
0.92626	0.00131	0.09368
0.9282	0.00116	0.0831
0.93028	0.00134	0.09595
0.93224	0.0012	0.08565
0.9343	0.00138	0.09822
0.93623	0.00124	0.08869
0.93829	0.00142	0.10161
0.94022	0.00128	0.09117
0.94227	0.00148	0.10539
0.94422	0.00137	0.0976
0.94627	0.00156	0.11122
0.94822	0.00132	0.09456
0.95025	0.00149	0.10661
0.9522	0.00131	0.09361
0.95425	0.00155	0.11102
0.9562	0.00142	0.10149
0.95826	0.00156	0.11172
0.9602	0.00142	0.10176
0.96225	0.00162	0.11552
0.96419	0.00141	0.10042
0.96623	0.00166	0.11841
0.9682	0.00145	0.10364
0.97022	0.00172	0.12283
0.97219	0.00151	0.10801
0.97422	0.00168	0.12017
0.97618	0.00147	0.10515
0.97821	0.00171	0.1223
0.98017	0.00152	0.10854
0.98224	0.00172	0.12316
0.98422	0.00156	0.1115
0.98624	0.00178	0.12713
0.9882	0.00159	0.11356
0.99023	0.0018	0.12882
0.9922	0.00159	0.11365
0.99421	0.00185	0.13183
0.99618	0.00169	0.12072
0.99821	0.0019	0.13544
1.00019	0.00169	0.1207
1.0022	0.00189	0.13494
1.00418	0.00167	0.11946
1.00621	0.00187	0.13386
1.00822	0.0017	0.12135
1.01024	0.00194	0.13862
1.01221	0.00174	0.12445
1.01422	0.00193	0.13752
1.01621	0.00172	0.12256
1.01821	0.00199	0.14187
1.0202	0.00179	0.12777
1.02221	0.00201	0.14371
1.02419	0.00179	0.12811
1.02621	0.002	0.14285
1.02818	0.00181	0.12935
1.0302	0.00205	0.14645
1.03221	0.00179	0.12808
1.03424	0.00203	0.14473
1.03623	0.00185	0.13224
1.03822	0.00208	0.14848
1.04022	0.0019	0.13599
1.04222	0.00216	0.15429
1.0442	0.00194	0.13893
1.04619	0.0022	0.15689
1.0482	0.00199	0.14234
1.05019	0.00218	0.15541
1.0522	0.00197	0.14074
1.05418	0.00218	0.15563
1.0562	0.00198	0.14108
1.05818	0.00222	0.15837
1.0602	0.00201	0.14363
1.06218	0.00223	0.15916
1.0642	0.00204	0.14547
1.06617	0.00229	0.16337
1.06817	0.00207	0.14817
1.07015	0.0023	0.16423
1.07217	0.00216	0.15415
1.07415	0.00237	0.16893
1.07617	0.00211	0.15044
1.07815	0.00233	0.16652
1.08016	0.00208	0.14879
1.08213	0.00232	0.16547
1.08419	0.0021	0.14977
1.08617	0.00232	0.16602
1.0882	0.00218	0.15536
1.09017	0.00238	0.17013
1.09219	0.00217	0.15517
1.09416	0.00243	0.1735
1.09617	0.00221	0.15787
1.09814	0.00249	0.17789
1.10017	0.00225	0.16093
1.10214	0.00246	0.17586
1.10416	0.00226	0.16139
1.10612	0.00249	0.17775
1.10814	0.00226	0.16172
1.11017	0.0025	0.17859
1.11221	0.00225	0.16074
1.11418	0.00249	0.1778
1.11619	0.00226	0.16127
1.11816	0.00249	0.17796
1.12019	0.00229	0.16382
1.12215	0.00256	0.1825
1.12419	0.00229	0.16392
1.12616	0.00249	0.17777
1.12819	0.00226	0.1615
1.13015	0.0025	0.17878
1.13218	0.00226	0.1617
1.13415	0.0025	0.17859
1.13622	0.00228	0.16296
1.13818	0.00252	0.18014
1.14021	0.00232	0.16564
1.14218	0.00257	0.18351
1.1442	0.00236	0.1687
1.14616	0.00256	0.18267
1.14818	0.00239	0.17056
1.15016	0.00261	0.18618
1.15218	0.00238	0.16994
1.15415	0.00257	0.18375
1.15618	0.00238	0.1701
1.15815	0.00261	0.1863
1.16017	0.00237	0.16963
1.16216	0.00258	0.18413
1.16417	0.00238	0.17034
1.16615	0.00259	0.18532
1.16817	0.00236	0.16889
1.17013	0.00261	0.18671
1.17215	0.0024	0.17142
1.17412	0.00262	0.187
1.17615	0.00242	0.17264
1.17812	0.00262	0.18743
1.18013	0.0024	0.17139
1.1821	0.00264	0.18883
1.18413	0.00241	0.17209
1.18613	0.00265	0.18893
1.18817	0.0024	0.17149
1.19014	0.00264	0.18876
1.19216	0.00243	0.17331
1.19413	0.00269	0.19196
1.19615	0.00248	0.17694
1.19812	0.00265	0.1896
1.20014	0.00249	0.17785
1.20211	0.00275	0.19626
1.20414	0.0025	0.17839
1.2061	0.00269	0.19211
1.20813	0.00246	0.17581
1.21009	0.00273	0.19512
1.21216	0.00253	0.18086
1.21414	0.00277	0.1977
1.21617	0.00253	0.18102
1.21812	0.00276	0.19691
1.22016	0.00255	0.18181
1.22211	0.00277	0.19815
1.22415	0.00257	0.18334
1.22611	0.0028	0.19978
1.22815	0.00256	0.18281
1.23009	0.00276	0.19712
1.23217	0.00265	0.18936
1.23409	0.00278	0.19844
1.23614	0.00263	0.18809
1.23812	0.00281	0.20059
1.24018	0.00264	0.18833
1.24213	0.00283	0.20238
1.24418	0.00264	0.18831
1.24611	0.00287	0.20475
1.24817	0.0027	0.19273
1.25009	0.00294	0.20971
1.25216	0.00279	0.19908
1.25409	0.00297	0.21182
1.25616	0.00277	0.19789
1.25808	0.00298	0.21277
1.26015	0.00278	0.19863
1.26207	0.00302	0.21557
1.26417	0.00285	0.20338
1.26607	0.00298	0.21272
1.26815	0.00287	0.20534
1.27006	0.00306	0.21855
1.27214	0.00292	0.20883
1.27405	0.00313	0.22371
1.27613	0.00295	0.21046
1.27804	0.00317	0.22663
1.28014	0.00302	0.21583
1.28203	0.00316	0.22591
1.28413	0.00303	0.21652
1.28603	0.00317	0.22613
1.28814	0.00306	0.21858
1.29007	0.00326	0.2326
1.29217	0.00311	0.2219
1.29404	0.0033	0.23587
1.29616	0.0032	0.22823
1.29804	0.0033	0.23602
1.30014	0.00321	0.22926
1.30204	0.0034	0.24264
1.30413	0.00328	0.23425
1.30602	0.00342	0.24419
1.30812	0.00329	0.23466
1.31002	0.00343	0.24526
1.31213	0.00334	0.23848
1.31404	0.00347	0.2478
1.31616	0.00333	0.23802
1.31805	0.00346	0.24715
1.32015	0.00336	0.24008
1.32203	0.00354	0.25303
1.32415	0.00347	0.24815
1.32604	0.00358	0.25546
1.32813	0.00354	0.25305
1.33004	0.00362	0.25864
1.33215	0.00352	0.25124
1.33402	0.0036	0.25702
1.33612	0.00355	0.25389
1.33802	0.00367	0.26225
1.34015	0.00355	0.25374
1.34206	0.00369	0.26354
1.34415	0.00358	0.25594
1.34604	0.00367	0.26201
1.34814	0.0036	0.25706
1.35003	0.00371	0.2649
1.35213	0.00367	0.26196
1.35403	0.00378	0.27028
1.35613	0.00369	0.26361
1.35803	0.00381	0.27238
1.36013	0.00371	0.26521
1.36201	0.00382	0.2729
1.36412	0.00374	0.26703
1.36602	0.00383	0.27369
1.36813	0.00377	0.26899
1.37001	0.00388	0.2773
1.37212	0.00381	0.27188
1.37401	0.00385	0.2751
1.3761	0.00385	0.27465
1.37801	0.00395	0.28189
1.38009	0.0039	0.27852
1.38199	0.00401	0.28611
1.3841	0.00387	0.27639
1.38598	0.004	0.28542
1.38808	0.00393	0.281
1.38997	0.00404	0.28874
1.39212	0.00399	0.28499
1.39401	0.00409	0.29209
1.39612	0.00399	0.2853
1.398	0.00406	0.28989
1.40009	0.00404	0.28843
1.40199	0.00416	0.29746
1.40408	0.00413	0.29512
1.40598	0.00422	0.30138
1.40809	0.00413	0.29479
1.40997	0.00421	0.30081
1.41207	0.00413	0.29515
1.41398	0.00417	0.29777
1.41607	0.00414	0.29598
1.41803	0.00423	0.30248
1.42012	0.00413	0.29467
1.422	0.00422	0.30124
1.42411	0.00419	0.29923
1.426	0.00424	0.30305
1.42809	0.00421	0.30052
1.42999	0.00432	0.30857
1.4321	0.00431	0.30766
1.43399	0.00431	0.30797
1.43609	0.00422	0.30145
1.43798	0.00433	0.30917
1.44008	0.00432	0.30857
1.442	0.00436	0.31149
1.44412	0.00434	0.30993
1.44601	0.00439	0.31333
1.44811	0.00437	0.31244
1.45	0.00445	0.31796
1.45209	0.0044	0.31414
1.45399	0.00446	0.31868
1.45609	0.00448	0.32028
1.45798	0.00453	0.32365
1.46008	0.00445	0.31789
1.46198	0.00451	0.32197
1.46408	0.00448	0.31992
1.46597	0.00455	0.32515
1.46807	0.00456	0.32556
1.46997	0.00457	0.32613
1.47208	0.00462	0.33017
1.47396	0.00469	0.33473
1.47605	0.00463	0.33074
1.47795	0.0047	0.33585
1.48006	0.0047	0.3355
1.48194	0.00477	0.34087
1.48405	0.00471	0.33621
1.48594	0.00478	0.34132
1.48804	0.00473	0.33791
1.48993	0.00477	0.34101
1.49202	0.00476	0.33968
1.49396	0.00482	0.34426
1.49607	0.00482	0.34393
1.49795	0.00492	0.35136
1.50005	0.00488	0.34842
1.50194	0.00498	0.35563
1.50404	0.00503	0.35946
1.50594	0.00509	0.36373
1.50802	0.00513	0.36646
1.50992	0.00516	0.36873
1.51204	0.00517	0.36947
1.51393	0.0052	0.37124
1.51601	0.00522	0.37291
1.51791	0.00528	0.37726
1.52002	0.0053	0.37833
1.52192	0.00534	0.38163
1.52401	0.00537	0.38337
1.52591	0.00548	0.39152
1.52799	0.0055	0.39276
1.52988	0.00562	0.40112
1.53198	0.00568	0.40595
1.5339	0.00578	0.41304
1.53598	0.00586	0.41887
1.53789	0.0059	0.42171
1.53997	0.00594	0.42427
1.54187	0.00607	0.4334
1.54399	0.00614	0.43863
1.54592	0.00624	0.44568
1.548	0.0063	0.44976
1.5499	0.00648	0.46307
1.55199	0.00658	0.47033
1.55388	0.00668	0.47712
1.55597	0.0068	0.48536
1.55787	0.00705	0.50339
1.55997	0.00714	0.5102
1.56187	0.00729	0.52052
1.56394	0.00748	0.5344
1.56585	0.00766	0.5469
1.56793	0.00789	0.56343
1.56984	0.00813	0.58094
1.57193	0.00834	0.59554
1.57383	0.00862	0.61573
1.5759	0.00888	0.63424
1.5778	0.00918	0.6556
1.57987	0.00953	0.68075
1.5818	0.00992	0.7084
1.58387	0.01034	0.7385
1.58577	0.01074	0.76726
1.58784	0.01112	0.79414
1.58975	0.01163	0.83055
1.59181	0.01221	0.87209
1.59374	0.01273	0.90898
1.59583	0.01331	0.95078
1.59774	0.01401	1.00074
1.5998	0.01467	1.04797
1.60171	0.0155	1.10712
1.60376	0.01622	1.15829
1.60567	0.01709	1.22086
1.60774	0.01799	1.28467
1.60964	0.019	1.35718
1.6117	0.0199	1.4217
1.61363	0.02098	1.4983
1.61568	0.02208	1.57704
1.6176	0.02312	1.65165
1.61972	0.02415	1.72494
1.62166	0.02521	1.80103
1.62372	0.02623	1.8737
1.62567	0.0272	1.94291
1.62774	0.02809	2.00646
1.62969	0.02889	2.06389
1.63176	0.02971	2.1218
1.63371	0.03042	2.17252
1.63578	0.03104	2.21696
1.63771	0.0317	2.26435
1.63976	0.03238	2.31319
1.64165	0.03317	2.36964
1.64373	0.03407	2.43359
1.64565	0.03509	2.50646
1.64768	0.03623	2.58811
1.64958	0.03747	2.67619
1.65162	0.03881	2.77183
1.65351	0.0403	2.87838
1.65554	0.0419	2.99269
1.65745	0.0436	3.114
1.65949	0.04534	3.23842
1.66139	0.04725	3.37512
1.66344	0.04924	3.51715
1.66534	0.05128	3.66283
1.66739	0.05342	3.81551
1.6693	0.05565	3.97467
1.67134	0.05798	4.14144
1.67324	0.06045	4.31782
1.6753	0.06292	4.49423
1.6772	0.06545	4.67517
1.67924	0.06805	4.86089
1.68116	0.07068	5.04824
1.68321	0.07348	5.24851
1.68512	0.07636	5.45394
1.68716	0.07928	5.66312
1.68911	0.08228	5.87684
1.68994	0.07864	5.61692
1.688	0.06923	4.94503
1.68542	0.06165	4.40376
1.68296	0.05642	4.03004
1.68093	0.05219	3.72812
1.67885	0.04815	3.43929
1.67688	0.04435	3.16792
1.67474	0.04075	2.91096
1.67276	0.03754	2.68152
1.67063	0.03457	2.46935
1.66866	0.0318	2.27164
1.66656	0.02913	2.08038
1.6646	0.02669	1.90658
1.6625	0.02443	1.74484
1.66054	0.02232	1.59441
1.65845	0.02022	1.44435
1.6565	0.01831	1.30801
1.65441	0.01656	1.18256
1.65246	0.01489	1.06357
1.65037	0.01327	0.94758
1.64842	0.0118	0.84306
1.64633	0.01036	0.73986
1.64436	0.00907	0.64769
1.64229	0.00773	0.55225
1.64034	0.00651	0.46508
1.63826	0.00534	0.38129
1.63633	0.0042	0.29973
1.63425	0.00304	0.21686
1.63232	0.00198	0.14172
1.63025	8.29905E-4	0.05928
1.62831	-1.26318E-4	-0.00902
1.62624	-0.00104	-0.07462
1.62432	-0.00205	-0.14656
1.62222	-0.00295	-0.21065
1.62024	-0.00381	-0.27234
1.61816	-0.00459	-0.32764
1.61621	-0.00528	-0.37724
1.61413	-0.00587	-0.41938
1.61218	-0.00638	-0.45596
1.61009	-0.00684	-0.48859
1.60813	-0.00714	-0.50966
1.60605	-0.00734	-0.52414
1.60411	-0.00746	-0.5326
1.60202	-0.00752	-0.5373
1.60007	-0.00745	-0.53224
1.59799	-0.00733	-0.52381
1.59602	-0.00721	-0.5152
1.59393	-0.00704	-0.50312
1.592	-0.00673	-0.48049
1.58992	-0.00642	-0.4589
1.58801	-0.00619	-0.44203
1.58592	-0.00586	-0.41876
1.58402	-0.00554	-0.39559
1.58195	-0.00532	-0.3803
1.58003	-0.00511	-0.36479
1.57796	-0.00487	-0.34776
1.57605	-0.00466	-0.33266
1.57398	-0.00448	-0.32014
1.57207	-0.00431	-0.30767
1.56998	-0.00416	-0.29699
1.56807	-0.00398	-0.28447
1.566	-0.00387	-0.27666
1.56409	-0.00372	-0.26565
1.56201	-0.00364	-0.2597
1.5601	-0.00356	-0.25449
1.55801	-0.00351	-0.25103
1.55611	-0.00343	-0.24503
1.55403	-0.00338	-0.24147
1.55212	-0.00335	-0.23927
1.55002	-0.00329	-0.23476
1.54815	-0.00323	-0.23103
1.54605	-0.00326	-0.23318
1.5441	-0.00329	-0.23466
1.542	-0.00326	-0.23299
1.54011	-0.00316	-0.22599
1.53802	-0.00319	-0.2279
1.53611	-0.00315	-0.22487
1.53402	-0.00311	-0.22236
1.53213	-0.00306	-0.21868
1.53003	-0.0031	-0.22145
1.52814	-0.0031	-0.22117
1.52603	-0.0031	-0.22109
1.52414	-0.00305	-0.21808
1.52205	-0.00313	-0.22336
1.52014	-0.00312	-0.22262
1.51804	-0.00315	-0.22494
1.51614	-0.00313	-0.22389
1.51404	-0.00312	-0.22293
1.51215	-0.00309	-0.22076
1.51005	-0.0031	-0.22167
1.50816	-0.00308	-0.22021
1.50606	-0.00315	-0.22518
1.50417	-0.00317	-0.22611
1.50207	-0.00317	-0.22657
1.50018	-0.00312	-0.22308
1.49808	-0.00314	-0.22425
1.49618	-0.0031	-0.2216
1.49405	-0.0031	-0.22164
1.49214	-0.00306	-0.2183
1.49005	-0.00311	-0.22243
1.48815	-0.00305	-0.21799
1.48605	-0.00305	-0.21768
1.48416	-0.003	-0.21438
1.48206	-0.00303	-0.21641
1.48017	-0.00303	-0.21656
1.47806	-0.00304	-0.21742
1.47617	-0.00302	-0.21562
1.47407	-0.00305	-0.21811
1.47219	-0.00303	-0.21617
1.47009	-0.00301	-0.21534
1.46818	-0.00298	-0.21266
1.46607	-0.00299	-0.21383
1.4642	-0.00298	-0.2129
1.46209	-0.00299	-0.21355
1.4602	-0.00293	-0.20898
1.45809	-0.00292	-0.20839
1.45621	-0.0029	-0.20707
1.4541	-0.00296	-0.21168
1.45221	-0.00295	-0.21085
1.45011	-0.00298	-0.21288
1.44822	-0.00296	-0.21125
1.44614	-0.00297	-0.2124
1.44424	-0.00297	-0.21218
1.44208	-0.003	-0.21455
1.4402	-0.00299	-0.21355
1.43809	-0.00303	-0.21636
1.4362	-0.00297	-0.21221
1.4341	-0.00298	-0.21292
1.43221	-0.00296	-0.21171
1.43009	-0.00299	-0.21335
1.42821	-0.00295	-0.21082
1.4261	-0.00301	-0.21474
1.42422	-0.00298	-0.21257
1.42211	-0.00302	-0.21548
1.42023	-0.00299	-0.21355
1.41812	-0.00304	-0.21679
1.41618	-0.00302	-0.21591
1.41406	-0.00302	-0.21603
1.41219	-0.00297	-0.21245
1.41008	-0.00303	-0.21672
1.4082	-0.00298	-0.21304
1.40609	-0.00303	-0.21651
1.4042	-0.00302	-0.21536
1.4021	-0.00309	-0.22076
1.40021	-0.00308	-0.21966
1.39811	-0.00312	-0.22296
1.39623	-0.00308	-0.22035
1.39411	-0.00313	-0.22336
1.39223	-0.0031	-0.2215
1.39007	-0.00313	-0.22375
1.38818	-0.0031	-0.2216
1.38607	-0.00312	-0.22262
1.38421	-0.00311	-0.22195
1.38209	-0.00312	-0.22296
1.38021	-0.00306	-0.21856
1.37809	-0.00314	-0.22463
1.37621	-0.0031	-0.22172
1.3741	-0.00313	-0.22358
1.37222	-0.00311	-0.22222
1.37012	-0.00311	-0.22179
1.36825	-0.00314	-0.22439
1.36611	-0.00318	-0.2274
1.36423	-0.00315	-0.22511
1.36212	-0.00318	-0.227
1.36025	-0.0032	-0.2286
1.35812	-0.00317	-0.2264
1.35624	-0.00311	-0.22227
1.35413	-0.0031	-0.22152
1.35225	-0.00318	-0.2268
1.35013	-0.00315	-0.2253
1.34827	-0.00316	-0.22563
1.34615	-0.0032	-0.22862
1.34425	-0.00309	-0.22078
1.34217	-0.00313	-0.22391
1.34025	-0.00314	-0.22458
1.33811	-0.00315	-0.22513
1.33625	-0.00313	-0.22375
1.33412	-0.00319	-0.22769
1.33226	-0.00311	-0.22241
1.33013	-0.00314	-0.22446
1.32826	-0.00311	-0.22238
1.32612	-0.00317	-0.22671
1.32426	-0.00311	-0.22207
1.32214	-0.00314	-0.22394
1.32028	-0.00311	-0.22198
1.31815	-0.00311	-0.22212
1.31629	-0.0031	-0.22136
1.31411	-0.00311	-0.22181
1.31225	-0.00307	-0.21909
1.31012	-0.00307	-0.21899
1.30826	-0.00307	-0.21937
1.30612	-0.00303	-0.21663
1.30427	-0.00301	-0.21503
1.30212	-0.00302	-0.21567
1.30027	-0.00302	-0.21541
1.29813	-0.00306	-0.21859
1.29628	-0.00303	-0.21648
1.29415	-0.00307	-0.21909
1.2923	-0.00304	-0.21711
1.29014	-0.00303	-0.21675
1.28826	-0.00305	-0.21775
1.28611	-0.00304	-0.21711
1.28427	-0.00306	-0.21875
1.28211	-0.00301	-0.21524
1.28028	-0.00303	-0.21644
1.27811	-0.00299	-0.21376
1.27628	-0.003	-0.21412
1.27412	-0.00298	-0.21273
1.27229	-0.00299	-0.21359
1.27013	-0.00301	-0.21486
1.2683	-0.00303	-0.21677
1.26615	-0.00299	-0.21343
1.26431	-0.00305	-0.21785
1.26213	-0.00298	-0.21292
1.26031	-0.00301	-0.21529
1.25814	-0.00299	-0.2139
1.25632	-0.00301	-0.21476
1.25415	-0.00298	-0.2129
1.25232	-0.00293	-0.2092
1.25016	-0.00295	-0.21046
1.24833	-0.003	-0.21462
1.24617	-0.00298	-0.21252
1.24434	-0.00301	-0.21531
1.24218	-0.00298	-0.21254
1.24036	-0.00305	-0.21816
1.23816	-0.00301	-0.2151
1.23631	-0.00307	-0.21897
1.23414	-0.00298	-0.21312
1.23232	-0.00306	-0.21856
1.23015	-0.00295	-0.21099
1.22833	-0.00303	-0.21663
1.22616	-0.00294	-0.21011
1.22433	-0.00305	-0.21754
1.22216	-0.00296	-0.21135
1.22033	-0.00305	-0.2177
1.21818	-0.00298	-0.21309
1.21635	-0.00307	-0.21928
1.21417	-0.003	-0.21448
1.21232	-0.00304	-0.21718
1.21014	-0.00301	-0.21495
1.20831	-0.00308	-0.22007
1.20614	-0.00298	-0.21321
1.20431	-0.00305	-0.21758
1.20215	-0.00294	-0.2097
1.20032	-0.00307	-0.21928
1.19815	-0.00308	-0.22035
1.19633	-0.00312	-0.22274
1.19417	-0.00307	-0.21935
1.19233	-0.00315	-0.2247
1.19019	-0.00304	-0.21744
1.18835	-0.00315	-0.22535
1.18616	-0.00307	-0.21947
1.18431	-0.00318	-0.22738
1.18215	-0.00309	-0.22095
1.1803	-0.00315	-0.22477
1.17816	-0.00308	-0.21971
1.17632	-0.00316	-0.22544
1.17416	-0.00313	-0.22384
1.17232	-0.00322	-0.23027
1.17017	-0.00311	-0.22248
1.16834	-0.00326	-0.23321
1.16619	-0.00314	-0.22446
1.16435	-0.00328	-0.23407
1.16219	-0.00313	-0.22382
1.16034	-0.0033	-0.23569
1.1582	-0.00322	-0.23034
1.15635	-0.00332	-0.23698
1.15419	-0.00319	-0.228
1.15237	-0.00329	-0.23509
1.1502	-0.00317	-0.22654
1.14836	-0.00331	-0.23667
1.14622	-0.00321	-0.22946
1.14436	-0.00339	-0.24226
1.14223	-0.00325	-0.23182
1.14038	-0.00334	-0.23863
1.13824	-0.00324	-0.23132
1.13637	-0.00339	-0.24236
1.1342	-0.00328	-0.23407
1.13234	-0.00342	-0.2441
1.13021	-0.00331	-0.23646
1.12836	-0.00347	-0.24802
1.12622	-0.00332	-0.23715
1.12435	-0.0034	-0.243
1.1222	-0.00327	-0.23364
1.12036	-0.00344	-0.24573
1.11823	-0.00331	-0.23667
1.11636	-0.00344	-0.24575
1.11423	-0.00331	-0.23615
1.11237	-0.0035	-0.25022
1.11021	-0.00336	-0.24002
1.10831	-0.00349	-0.24907
1.10619	-0.00339	-0.24217
1.10432	-0.00355	-0.25347
1.1022	-0.00337	-0.24076
1.10033	-0.00346	-0.24749
1.0982	-0.00342	-0.24396
1.09634	-0.00356	-0.25447
1.09421	-0.00347	-0.24799
1.09234	-0.00362	-0.25867
1.09022	-0.00349	-0.24938
1.08836	-0.00364	-0.26025
1.08623	-0.00354	-0.25265
1.08434	-0.00363	-0.25937
1.08219	-0.00355	-0.25382
1.08032	-0.0037	-0.26405
1.07819	-0.00355	-0.25385
1.07634	-0.00368	-0.2629
1.07419	-0.00353	-0.25208
1.07235	-0.00372	-0.26551
1.07021	-0.00364	-0.2597
1.06835	-0.00377	-0.26904
1.06621	-0.00367	-0.26197
1.06435	-0.00381	-0.2721
1.06223	-0.00367	-0.26228
1.06037	-0.00382	-0.27274
1.05822	-0.00369	-0.2635
1.05636	-0.00384	-0.27451
1.05423	-0.00375	-0.26794
1.05237	-0.00388	-0.27707
1.05024	-0.00373	-0.26644
1.04837	-0.00383	-0.27375
1.04625	-0.00375	-0.26809
1.04438	-0.00392	-0.27965
1.04225	-0.00382	-0.27267
1.0404	-0.00398	-0.28455
1.03827	-0.00387	-0.27642
1.03641	-0.00401	-0.28615
1.03427	-0.00391	-0.27896
1.03237	-0.00404	-0.28827
1.03024	-0.00393	-0.28051
1.02838	-0.00405	-0.28942
1.02624	-0.00391	-0.27931
1.02438	-0.00406	-0.28971
1.02225	-0.00395	-0.28242
1.02038	-0.00409	-0.29193
1.01826	-0.004	-0.28572
1.01639	-0.00413	-0.29532
1.01426	-0.00405	-0.28913
1.0124	-0.00417	-0.29771
1.01028	-0.00409	-0.29231
1.0084	-0.00424	-0.30254
1.00624	-0.00414	-0.29551
1.00437	-0.00424	-0.30268
1.00224	-0.00414	-0.29573
1.00037	-0.00425	-0.30356
0.99825	-0.00412	-0.29398
0.99637	-0.00423	-0.30213
0.99425	-0.00419	-0.29902
0.99238	-0.00433	-0.30896
0.99026	-0.00429	-0.3066
0.98839	-0.00435	-0.31078
0.98628	-0.0043	-0.30679
0.98441	-0.00442	-0.31591
0.98226	-0.00436	-0.31145
0.98036	-0.00445	-0.31751
0.97824	-0.0044	-0.314
0.97637	-0.00449	-0.32062
0.97425	-0.00439	-0.3135
0.97239	-0.00443	-0.31646
0.97026	-0.00441	-0.31493
0.96837	-0.00451	-0.32236
0.96627	-0.00445	-0.31797
0.96439	-0.00456	-0.32564
0.96227	-0.00446	-0.31871
0.9604	-0.0046	-0.32855
0.95829	-0.00453	-0.32342
0.9564	-0.00458	-0.32719
0.95428	-0.00453	-0.32344
0.9524	-0.00459	-0.32795
0.95029	-0.00449	-0.32081
0.94841	-0.00456	-0.32597
0.9463	-0.00445	-0.31794
0.94441	-0.00462	-0.33034
0.9423	-0.00457	-0.32616
0.94043	-0.00467	-0.33338
0.93831	-0.00458	-0.32738
0.93643	-0.00469	-0.33484
0.93432	-0.00462	-0.32991
0.93244	-0.00472	-0.33682
0.93029	-0.00467	-0.3335
0.9284	-0.00477	-0.34066
0.92629	-0.00466	-0.33285
0.92441	-0.00476	-0.34016
0.9223	-0.00466	-0.33316
0.9204	-0.00471	-0.3367
0.9183	-0.00465	-0.33182
0.91641	-0.00474	-0.33878
0.9143	-0.00467	-0.33366
0.91242	-0.00479	-0.34238
0.91031	-0.00467	-0.33376
0.90843	-0.00477	-0.34097
0.90632	-0.00469	-0.33495
0.9044	-0.00481	-0.34382
0.90229	-0.00469	-0.335
0.90039	-0.00481	-0.34339
0.89829	-0.00469	-0.33503
0.89641	-0.00479	-0.34212
0.8943	-0.00468	-0.33421
0.89241	-0.00483	-0.34496
0.89031	-0.00475	-0.33921
0.88842	-0.00483	-0.34487
0.88633	-0.00473	-0.33813
0.88443	-0.00481	-0.34389
0.88233	-0.00471	-0.33636
0.88043	-0.00481	-0.34375
0.87828	-0.00474	-0.33849
0.87641	-0.00482	-0.34418
0.8743	-0.00471	-0.33613
0.87241	-0.00482	-0.34446
0.87031	-0.00468	-0.3345
0.86842	-0.00476	-0.33988
0.86631	-0.00472	-0.33742
0.86442	-0.00481	-0.34329
0.86233	-0.00472	-0.33706
0.86043	-0.00486	-0.34745
0.85834	-0.00478	-0.34109
0.85645	-0.00488	-0.3484
0.85434	-0.00473	-0.33806
0.85243	-0.00484	-0.34539
0.85034	-0.00474	-0.33828
0.84844	-0.00487	-0.34752
0.84635	-0.00476	-0.34
0.84445	-0.00485	-0.34637
0.84236	-0.00472	-0.33701
0.84046	-0.00484	-0.34578
0.83836	-0.00477	-0.34059
0.83647	-0.00487	-0.34764
0.83438	-0.00478	-0.34131
0.83248	-0.00488	-0.3486
0.83038	-0.00476	-0.33992
0.82846	-0.00486	-0.34731
0.82634	-0.0048	-0.3431
0.82444	-0.00488	-0.34881
0.82235	-0.00479	-0.34222
0.82045	-0.00486	-0.3469
0.81835	-0.00474	-0.33882
0.81645	-0.00487	-0.34809
0.81435	-0.00475	-0.33921
0.81246	-0.00484	-0.34578
0.81037	-0.00478	-0.34152
0.80846	-0.00491	-0.35094
0.80639	-0.0048	-0.34293
0.80448	-0.0049	-0.34979
0.80235	-0.00483	-0.34518
0.80044	-0.0049	-0.35022
0.79834	-0.00482	-0.3442
0.79645	-0.00492	-0.3513
0.79435	-0.00479	-0.34231
0.79244	-0.00483	-0.34508
0.79035	-0.00478	-0.34164
0.78844	-0.00493	-0.35196
0.78638	-0.00484	-0.34544
0.78446	-0.00497	-0.35488
0.78238	-0.00481	-0.34346
0.78047	-0.00494	-0.35309
0.77839	-0.00484	-0.34592
0.77644	-0.00495	-0.35376
0.77435	-0.00483	-0.34523
0.77243	-0.00493	-0.3523
0.77036	-0.00484	-0.34587
0.76845	-0.00496	-0.35445
0.76636	-0.0048	-0.34289
0.76444	-0.00493	-0.35184
0.76237	-0.00488	-0.3486
0.76046	-0.00501	-0.35765
0.75838	-0.00489	-0.3496
0.75647	-0.00501	-0.35782
0.7544	-0.00492	-0.3512
0.75246	-0.005	-0.35746
0.75039	-0.00492	-0.35118
0.74847	-0.00499	-0.35643
0.7464	-0.00496	-0.35447
0.74448	-0.00503	-0.35951
0.74241	-0.00493	-0.35223
0.74049	-0.00503	-0.3593
0.73841	-0.00497	-0.35512
0.7365	-0.00509	-0.36357
0.73442	-0.00494	-0.35306
0.7325	-0.00509	-0.36374
0.73043	-0.00503	-0.35932
0.72851	-0.00513	-0.36608
0.72641	-0.00505	-0.36047
0.72447	-0.00514	-0.36745
0.7224	-0.00505	-0.36104
0.72049	-0.00518	-0.36979
0.71841	-0.00511	-0.36506
0.7165	-0.00516	-0.36845
0.71441	-0.00509	-0.36357
0.71248	-0.00515	-0.36776
0.71041	-0.00508	-0.36262
0.7085	-0.00518	-0.37022
0.70642	-0.00514	-0.36737
0.70452	-0.00525	-0.37523
0.70243	-0.00517	-0.36921
0.70051	-0.00526	-0.37559
0.69843	-0.00517	-0.36955
0.69652	-0.00529	-0.37796
0.69444	-0.00524	-0.37425
0.69252	-0.0053	-0.37822
0.69044	-0.00518	-0.37017
0.69241	-0.00286	-0.20408
0.69413	-0.00322	-0.23029
0.69645	-0.00283	-0.20193
0.69824	-0.0026	-0.18547
0.70039	-0.00252	-0.17967
0.7023	-0.00228	-0.16299
0.70439	-0.00227	-0.16221
0.70629	-0.00205	-0.14615
0.70838	-0.00203	-0.14532
0.71028	-0.00178	-0.12716
0.71237	-0.00182	-0.12967
0.7143	-0.00166	-0.11851
0.71638	-0.00167	-0.11939
0.71829	-0.00156	-0.11168
0.72038	-0.00157	-0.1122
0.72228	-0.00137	-0.09806
0.72436	-0.00142	-0.10152
0.7263	-0.00127	-0.09051
0.7284	-0.00131	-0.09357
0.73032	-0.00112	-0.08031
0.73239	-0.00117	-0.08375
0.73431	-0.00103	-0.07381
0.73639	-0.00108	-0.07713
0.7383	-8.84206E-4	-0.06316
0.74037	-9.08956E-4	-0.06493
0.74229	-8.13969E-4	-0.05814
0.74437	-9.28354E-4	-0.06631
0.74629	-7.78516E-4	-0.05561
0.74837	-8.31361E-4	-0.05938
0.75027	-7.06272E-4	-0.05045
0.75237	-7.94236E-4	-0.05673
0.75428	-6.41053E-4	-0.04579
0.75637	-6.75837E-4	-0.04827
0.75826	-5.81184E-4	-0.04151
0.76036	-6.15634E-4	-0.04397
0.76225	-4.84525E-4	-0.03461
0.76434	-5.16299E-4	-0.03688
0.76624	-4.65461E-4	-0.03325
0.76834	-5.28339E-4	-0.03774
0.77024	-4.31346E-4	-0.03081
0.77233	-4.57099E-4	-0.03265
0.77423	-3.88869E-4	-0.02778
0.77635	-4.49741E-4	-0.03212
0.77827	-3.34352E-4	-0.02388
0.78037	-4.20977E-4	-0.03007
0.78227	-2.95889E-4	-0.02113
0.78435	-3.41376E-4	-0.02438
0.78626	-2.49734E-4	-0.01784
0.78834	-2.67795E-4	-0.01913
0.79024	-1.48727E-4	-0.01062
0.79234	-2.18963E-4	-0.01564
0.79424	-9.85575E-5	-0.00704
0.79634	-2.00568E-4	-0.01433
0.79822	-8.5179E-5	-0.00608
0.80033	-1.20966E-4	-0.00864
0.80224	-3.36721E-5	-0.00241
0.80436	-1.00899E-4	-0.00721
0.80626	-3.19998E-5	-0.00229
0.80836	-7.21351E-5	-0.00515
0.81025	5.56289E-5	0.00397
0.81235	1.51592E-5	0.00108
0.81424	1.08808E-4	0.00777
0.81634	9.10817E-5	0.00651
0.81825	1.64663E-4	0.01176
0.82036	6.39904E-5	0.00457
0.82224	1.02119E-4	0.00729
0.82432	9.67676E-5	0.00691
0.82622	2.10819E-4	0.01506
0.82836	1.21183E-4	0.00866
0.83026	2.27542E-4	0.01625
0.83237	1.90082E-4	0.01358
0.83426	2.66674E-4	0.01905
0.83635	2.02792E-4	0.01449
0.83824	2.86407E-4	0.02046
0.84034	2.78714E-4	0.01991
0.84223	4.0213E-4	0.02872
0.84435	3.26542E-4	0.02332
0.84623	3.86076E-4	0.02758
0.84835	3.2788E-4	0.02342
0.85022	4.42265E-4	0.03159
0.85233	4.0213E-4	0.02872
0.85422	4.7036E-4	0.0336
0.85634	4.47951E-4	0.032
0.85821	5.3257E-4	0.03804
0.86033	4.6434E-4	0.03317
0.8622	5.65681E-4	0.04041
0.86432	5.53306E-4	0.03952
0.86619	6.71371E-4	0.04796
0.86831	6.30567E-4	0.04504
0.87019	7.10503E-4	0.05075
0.87231	6.18192E-4	0.04416
0.87418	7.17861E-4	0.05128
0.87629	6.6903E-4	0.04779
0.87817	7.50973E-4	0.05364
0.88034	7.36591E-4	0.05261
0.88221	8.07496E-4	0.05768
0.88433	7.72378E-4	0.05517
0.8862	8.29905E-4	0.05928
0.88832	8.15858E-4	0.05828
0.89018	9.18537E-4	0.06561
0.89231	9.28906E-4	0.06635
0.89417	9.60679E-4	0.06862
0.8963	9.56331E-4	0.06831
0.89817	9.79075E-4	0.06993
0.9003	9.1051E-4	0.06504
0.90215	9.6971E-4	0.06926
0.90431	9.66031E-4	0.069
0.9062	0.00104	0.07421
0.90834	0.00103	0.07371
0.91018	0.00105	0.07495
0.91232	0.00103	0.07323
0.91417	0.00108	0.07746
0.91631	0.00107	0.07665
0.91817	0.00118	0.08439
0.92031	0.00114	0.08138
0.92217	0.00118	0.08439
0.9243	0.00116	0.08303
0.92615	0.0012	0.08563
0.92831	0.00115	0.08217
0.93017	0.0012	0.08606
0.93234	0.00121	0.08625
0.9342	0.00122	0.08694
0.93634	0.00126	0.08969
0.93818	0.00128	0.09136
0.94032	0.0013	0.09256
0.94217	0.00131	0.09359
0.94431	0.00137	0.09812
0.94617	0.00141	0.10061
0.94831	0.00139	0.09918
0.95015	0.00137	0.09755
0.95231	0.00139	0.09908
0.95415	0.0014	0.0998
0.95631	0.00141	0.10075
0.95816	0.00139	0.09927
0.9603	0.00143	0.10187
0.96214	0.00145	0.1034
0.96429	0.0015	0.10684
0.96614	0.00147	0.1051
0.96828	0.00151	0.10775
0.97011	0.00158	0.11263
0.97229	0.00154	0.10997
0.97412	0.0015	0.1073
0.97628	0.00153	0.10947
0.97811	0.00157	0.11191
0.98026	0.00157	0.11222
0.98214	0.00153	0.10959
0.98431	0.00157	0.11208
0.98614	0.00161	0.11475
0.98829	0.00166	0.11853
0.99013	0.00164	0.11724
0.99228	0.00173	0.1233
0.99412	0.00171	0.12187
0.99627	0.0018	0.1283
0.99811	0.00171	0.1218
1.00027	0.00173	0.12385
1.00211	0.0017	0.1217
1.00426	0.00172	0.12299
1.00611	0.00169	0.12106
1.00831	0.00177	0.12627
1.01015	0.00175	0.12524
1.01229	0.00182	0.13002
1.01414	0.00175	0.12512
1.01628	0.00182	0.12973
1.01812	0.00181	0.1293
1.02027	0.00187	0.13353
1.02213	0.00184	0.1314
1.02427	0.00191	0.13659
1.02611	0.00186	0.13276
1.02827	0.00191	0.13616
1.03013	0.00186	0.133
1.03226	0.00197	0.14058
1.03416	0.00188	0.13463
1.0363	0.00198	0.14168
1.03815	0.00192	0.13728
1.04028	0.00201	0.14378
1.04213	0.00194	0.13824
1.04426	0.00209	0.14918
1.04613	0.00201	0.1433
1.04827	0.00213	0.1525
1.05013	0.00202	0.14447
1.05226	0.00207	0.14786
1.05411	0.002	0.14304
1.05626	0.00212	0.15121
1.0581	0.00201	0.14387
1.06026	0.00216	0.15417
1.06211	0.00203	0.145
1.06424	0.00218	0.15596
1.0661	0.00209	0.14915
1.06823	0.0022	0.15706
1.07009	0.00209	0.14927
1.07223	0.00226	0.16141
1.07408	0.00215	0.15329
1.07623	0.00221	0.15756
1.07808	0.00211	0.15063
1.08022	0.00224	0.15988
1.08207	0.00216	0.15441
1.08424	0.00229	0.16334
1.08612	0.00215	0.15345
1.08825	0.00233	0.1664
1.0901	0.00219	0.15673
1.09223	0.00232	0.16585
1.0941	0.00219	0.15646
1.09623	0.00234	0.16733
1.09808	0.00231	0.16475
1.10023	0.00237	0.16956
1.10208	0.00223	0.1594
1.10422	0.00238	0.16975
1.10607	0.00226	0.16117
1.1082	0.00239	0.17061
1.11011	0.00224	0.15986
1.11226	0.00242	0.17288
1.11412	0.00228	0.16268
1.11625	0.00239	0.17085
1.11811	0.00225	0.16069
1.12024	0.00245	0.17505
1.12209	0.00234	0.16743
1.12424	0.00246	0.1757
1.1261	0.00226	0.16115
1.12824	0.00244	0.1745
1.1301	0.00227	0.16208
1.13223	0.00243	0.17323
1.1341	0.00226	0.16153
1.13626	0.00248	0.17687
1.13813	0.00231	0.16521
1.14026	0.00245	0.17515
1.14211	0.0023	0.16454
1.14425	0.00248	0.17746
1.14609	0.00235	0.16819
1.14823	0.00251	0.17894
1.15009	0.0024	0.17118
1.15224	0.00255	0.18191
1.15408	0.00238	0.17001
1.15623	0.00251	0.17937
1.15808	0.00235	0.16788
1.16023	0.00252	0.18026
1.16208	0.00238	0.16994
1.16423	0.0025	0.17885
1.16608	0.00235	0.16781
1.16822	0.00254	0.18176
1.17007	0.00237	0.16958
1.1722	0.00253	0.18047
1.17406	0.00239	0.17075
1.1762	0.00257	0.18329
1.17805	0.00242	0.17314
1.1802	0.00254	0.18164
1.18204	0.00242	0.17271
1.18419	0.00257	0.18367
1.18605	0.00246	0.17589
1.18823	0.00256	0.18315
1.19008	0.0024	0.17147
1.19222	0.00258	0.18463
1.19406	0.00248	0.17691
1.19622	0.00261	0.18652
1.19806	0.00246	0.17546
1.2002	0.00265	0.1896
1.20204	0.00251	0.17954
1.2042	0.00262	0.18704
1.20604	0.00247	0.17622
1.20819	0.00264	0.18862
1.21003	0.00251	0.17952
1.21222	0.00263	0.18781
1.21408	0.00245	0.17472
1.21622	0.00265	0.18929
1.21807	0.00249	0.1777
1.22021	0.00263	0.18817
1.22207	0.00249	0.17761
1.2242	0.00268	0.19168
1.22605	0.00257	0.18348
1.2282	0.0027	0.1927
1.23006	0.00252	0.18035
1.2322	0.00268	0.19134
1.23404	0.00256	0.18315
1.23618	0.00271	0.19366
1.23808	0.00257	0.18353
1.24022	0.00277	0.19791
1.24209	0.00262	0.1868
1.2442	0.00279	0.1993
1.24607	0.00264	0.18879
1.24819	0.00286	0.2042
1.25006	0.00273	0.19483
1.25218	0.00292	0.20878
1.25406	0.00273	0.19502
1.25618	0.00292	0.2084
1.25806	0.00275	0.19617
1.26017	0.00295	0.21103
1.26205	0.00279	0.19913
1.26417	0.00296	0.21153
1.26606	0.00283	0.20243
1.26817	0.00301	0.21523
1.27005	0.0029	0.2069
1.27214	0.00305	0.21767
1.27404	0.00287	0.20506
1.27613	0.00312	0.22266
1.27805	0.00294	0.20988
1.28012	0.00314	0.224
1.28205	0.00295	0.21105
1.28411	0.00313	0.2234
1.28603	0.00297	0.2122
1.28813	0.00318	0.22687
1.29007	0.003	0.21456
1.29214	0.00324	0.23148
1.29407	0.00304	0.21743
1.29613	0.00326	0.23251
1.29806	0.00305	0.21805
1.30011	0.00328	0.23435
1.30205	0.00319	0.22761
1.30411	0.0034	0.24311
1.30605	0.00322	0.23002
1.30811	0.00338	0.24111
1.31004	0.00321	0.22938
1.31209	0.00344	0.24574
1.31406	0.00328	0.23437
1.31612	0.00344	0.24579
1.31807	0.00329	0.23478
1.32012	0.00351	0.251
1.32206	0.00333	0.23776
1.3241	0.00356	0.25401
1.32606	0.00341	0.24338
1.3281	0.00362	0.25852
1.33007	0.00341	0.24376
1.33209	0.00359	0.25649
1.33405	0.00343	0.24486
1.33608	0.00365	0.26055
1.33805	0.00346	0.24741
1.3401	0.00363	0.25933
1.34209	0.0035	0.24968
1.34412	0.00368	0.26273
1.34607	0.00357	0.25503
1.34811	0.00372	0.26559
1.35007	0.00355	0.25346
1.35209	0.00378	0.26994
1.35406	0.00366	0.26125
1.3561	0.00381	0.27216
1.35806	0.00362	0.25859
1.36008	0.00382	0.27312
1.36205	0.00368	0.26301
1.36408	0.00385	0.27498
1.36605	0.00369	0.26366
1.36808	0.00392	0.27988
1.37005	0.00367	0.26239
1.37205	0.00391	0.27919
1.37405	0.00374	0.26724
1.37604	0.00397	0.28339
1.37803	0.00383	0.27384
1.38004	0.00408	0.29113
1.38203	0.00385	0.27534
1.38405	0.00408	0.29156
1.38602	0.00386	0.27596
1.38802	0.00405	0.28944
1.39001	0.0039	0.27835
1.39207	0.00414	0.29562
1.39405	0.00394	0.28141
1.39605	0.00413	0.29517
1.39804	0.00394	0.28124
1.40004	0.00417	0.29773
1.40202	0.00397	0.28356
1.40403	0.0042	0.30035
1.40602	0.00404	0.28874
1.40803	0.00424	0.30305
1.41002	0.00398	0.28444
1.41202	0.00421	0.30107
1.41402	0.00406	0.28977
1.41604	0.00421	0.30083
1.41806	0.00408	0.29125
1.42006	0.00424	0.3031
1.42205	0.00408	0.29154
1.42405	0.0042	0.30028
1.426	0.00417	0.29775
1.42806	0.00436	0.31168
1.43003	0.00413	0.29467
1.43202	0.00435	0.31048
1.43404	0.00419	0.29957
1.43602	0.00431	0.30812
1.43801	0.00419	0.29942
1.44002	0.00433	0.30905
1.44203	0.00417	0.29782
1.44406	0.00439	0.31347
1.44605	0.00424	0.30317
1.44804	0.00442	0.31564
1.45004	0.00431	0.30762
1.45204	0.00449	0.32044
1.45404	0.00434	0.30989
1.45602	0.00453	0.32377
1.45803	0.00441	0.31507
1.46002	0.00456	0.32568
1.46203	0.00438	0.31294
1.46401	0.00453	0.32384
1.466	0.00446	0.31884
1.46801	0.00461	0.32957
1.47002	0.00443	0.31641
1.472	0.00463	0.33045
1.47401	0.00448	0.31992
1.47599	0.00467	0.33339
1.478	0.00455	0.32506
1.47999	0.00477	0.3407
1.48199	0.00467	0.33349
1.48398	0.00478	0.34161
1.48598	0.00462	0.32967
1.48798	0.00481	0.3434
1.48998	0.00466	0.33313
1.49197	0.00483	0.34467
1.49402	0.0047	0.33542
1.49599	0.00493	0.35188
1.49801	0.00479	0.34202
1.49999	0.00493	0.3521
1.50199	0.0048	0.34293
1.50397	0.00505	0.36106
1.50599	0.00495	0.35332
1.50796	0.00515	0.36756
1.50998	0.00502	0.35891
1.51196	0.00518	0.3699
1.51397	0.00507	0.36228
1.51595	0.00528	0.37714
1.51798	0.00511	0.3649
1.51996	0.0053	0.37893
1.52198	0.00522	0.37272
1.52395	0.00543	0.38779
1.52598	0.00532	0.38034
1.52794	0.00553	0.39496
1.52995	0.00548	0.39121
1.53193	0.00569	0.40611
1.53395	0.00558	0.39888
1.53593	0.00583	0.4166
1.53794	0.00571	0.40779
1.53991	0.0059	0.42143
1.54192	0.00587	0.41902
1.54393	0.0061	0.43564
1.54597	0.00607	0.43366
1.54794	0.00629	0.44919
1.54996	0.00629	0.44955
1.55193	0.0065	0.46398
1.55394	0.00647	0.46218
1.55591	0.00673	0.48106
1.55793	0.00679	0.48469
1.55991	0.00704	0.50258
1.56192	0.00702	0.50172
1.56388	0.00735	0.52502
1.5659	0.00743	0.53094
1.56788	0.00778	0.5555
1.56989	0.00784	0.55987
1.57187	0.00817	0.58347
1.57388	0.00833	0.59501
1.57585	0.00876	0.626
1.57786	0.00895	0.63964
1.57982	0.00937	0.66945
1.58184	0.00959	0.6852
1.5838	0.01009	0.72094
1.58582	0.01037	0.74093
1.58778	0.01096	0.78277
1.58979	0.01138	0.81289
1.59176	0.01197	0.8547
1.59377	0.01241	0.88614
1.59577	0.01308	0.93423
1.59778	0.01363	0.97365
1.59975	0.01442	1.02991
1.60177	0.01504	1.07432
1.60371	0.01591	1.13636
1.60571	0.01662	1.18679
1.60767	0.01769	1.26334
1.60968	0.01865	1.3319
1.61166	0.01957	1.39758
1.61368	0.02048	1.46303
1.61563	0.0217	1.55026
1.61766	0.02254	1.60977
1.61968	0.02369	1.692
1.6217	0.02468	1.76262
1.62369	0.0257	1.83593
1.62573	0.02647	1.89047
1.62771	0.0274	1.95691
1.62976	0.02796	1.99729
1.63173	0.02871	2.05092
1.63377	0.02923	2.08797
1.63576	0.02989	2.13497
1.63778	0.03027	2.16222
1.63973	0.03088	2.20599
1.64172	0.03153	2.25229
1.64371	0.03235	2.31072
1.64572	0.0331	2.36455
1.64765	0.03419	2.44236
1.64965	0.0352	2.51408
1.65158	0.03655	2.61045
1.65358	0.03784	2.70283
1.65552	0.03939	2.81356
1.65752	0.04085	2.91758
1.65947	0.04256	3.03982
1.66148	0.04419	3.15624
1.66343	0.04607	3.29103
1.66543	0.04789	3.42099
1.66737	0.05	3.57164
1.66938	0.05206	3.71885
1.67133	0.0543	3.87846
1.67334	0.05644	4.03169
1.67528	0.05888	4.20568
1.67729	0.06115	4.36759
1.67921	0.06378	4.55577
1.68124	0.06618	4.72682
1.68319	0.06879	4.91362
1.6852	0.07138	5.09853
1.68714	0.0743	5.30725
1.68918	0.07702	5.5011
1.68989	0.07332	5.23749
1.68799	0.06392	4.56571
1.68528	0.05669	4.04901
1.68291	0.05179	3.69936
1.6808	0.04806	3.43315
1.67883	0.04423	3.15908
1.67676	0.0407	2.90726
1.67474	0.03723	2.65918
1.67265	0.03428	2.44893
1.67064	0.03143	2.24522
1.66856	0.02894	2.06719
1.66657	0.02636	1.883
1.6645	0.02421	1.72936
1.66251	0.02199	1.5708
1.66044	0.02009	1.43511
1.65846	0.01806	1.29007
1.65641	0.0164	1.1716
1.65442	0.01469	1.04962
1.65237	0.0132	0.94312
1.6504	0.01166	0.83308
1.64836	0.0103	0.73601
1.64635	0.00892	0.63692
1.64428	0.00773	0.55184
1.6423	0.00646	0.4613
1.64026	0.00539	0.38476
1.63831	0.00419	0.29904
1.63627	0.0032	0.22885
1.63429	0.00207	0.14767
1.63225	0.00105	0.07469
1.63029	-1.46078E-5	-0.00104
1.62825	-8.18986E-4	-0.0585
1.6263	-0.00189	-0.13466
1.62426	-0.00279	-0.19909
1.62226	-0.00375	-0.26816
1.62018	-0.00449	-0.32043
1.61821	-0.0054	-0.38558
1.61616	-0.00601	-0.42944
1.61417	-0.00665	-0.47497
1.61211	-0.00703	-0.5019
1.61014	-0.00754	-0.53883
1.60807	-0.0078	-0.55696
1.6061	-0.00812	-0.57966
1.60404	-0.00814	-0.58112
1.60207	-0.00823	-0.58821
1.60001	-0.00802	-0.57285
1.59805	-0.00801	-0.57221
1.59595	-0.00776	-0.55434
1.59397	-0.00758	-0.54151
1.59193	-0.00715	-0.51069
1.58998	-0.00691	-0.49373
1.58794	-0.00651	-0.4647
1.58598	-0.00629	-0.44939
1.58395	-0.0059	-0.42168
1.582	-0.00571	-0.40815
1.57996	-0.0054	-0.38577
1.57801	-0.00524	-0.37394
1.57597	-0.00483	-0.34494
1.57403	-0.0047	-0.33579
1.572	-0.00443	-0.31665
1.57003	-0.00441	-0.31515
1.56799	-0.00411	-0.29331
1.56606	-0.00402	-0.28698
1.56401	-0.00379	-0.27086
1.56206	-0.00378	-0.27036
1.56003	-0.00357	-0.25471
1.55806	-0.00365	-0.26099
1.55603	-0.00343	-0.2452
1.5541	-0.00355	-0.25339
1.55204	-0.00337	-0.24042
1.5501	-0.00345	-0.24644
1.54806	-0.00324	-0.23137
1.54613	-0.00335	-0.23913
1.54402	-0.00324	-0.23127
1.54208	-0.00335	-0.23947
1.54003	-0.0032	-0.22876
1.53809	-0.00331	-0.23662
1.53604	-0.00312	-0.22267
1.53409	-0.00322	-0.22993
1.53203	-0.00305	-0.21768
1.5301	-0.00321	-0.22948
1.52805	-0.0031	-0.22121
1.5261	-0.00317	-0.22611
1.52405	-0.00306	-0.2183
1.52212	-0.00317	-0.22633
1.52006	-0.00304	-0.21749
1.51811	-0.00317	-0.22621
1.51605	-0.00302	-0.21591
1.51412	-0.00318	-0.22695
1.51207	-0.00302	-0.21538
1.51013	-0.00314	-0.22396
1.50807	-0.00302	-0.21538
1.50613	-0.00315	-0.22513
1.50409	-0.00306	-0.21868
1.50215	-0.00317	-0.2263
1.50008	-0.00303	-0.21656
1.49815	-0.00313	-0.22344
1.49611	-0.00305	-0.21777
1.49414	-0.00312	-0.22291
1.49206	-0.00298	-0.21319
1.49013	-0.00314	-0.22415
1.48806	-0.00299	-0.21393
1.48613	-0.00306	-0.21871
1.48407	-0.00289	-0.20635
1.48213	-0.00302	-0.21565
1.48008	-0.0029	-0.20714
1.47814	-0.00298	-0.21285
1.47609	-0.00288	-0.20602
1.47416	-0.00301	-0.21515
1.4721	-0.00293	-0.20898
1.47016	-0.00302	-0.21589
1.46809	-0.0029	-0.20745
1.46617	-0.00302	-0.21558
1.46411	-0.00292	-0.20886
1.46217	-0.00302	-0.21546
1.46012	-0.00291	-0.20774
1.45817	-0.00294	-0.21008
1.45613	-0.00287	-0.2053
1.45419	-0.00301	-0.21522
1.45213	-0.00287	-0.20511
1.4502	-0.003	-0.21419
1.44814	-0.0029	-0.20733
1.44621	-0.00299	-0.21362
1.44415	-0.00288	-0.20547
1.44218	-0.00303	-0.21644
1.44011	-0.00288	-0.20588
1.43819	-0.00301	-0.21507
1.43612	-0.00289	-0.20655
1.43419	-0.00296	-0.21142
1.43211	-0.00285	-0.20322
1.43018	-0.00297	-0.21202
1.42812	-0.00286	-0.20428
1.42619	-0.003	-0.21448
1.42414	-0.00291	-0.20803
1.4222	-0.00304	-0.21687
1.42015	-0.00291	-0.20767
1.41822	-0.00301	-0.21498
1.4161	-0.00293	-0.20913
1.41416	-0.00304	-0.21679
1.41211	-0.00292	-0.20865
1.41018	-0.00311	-0.22217
1.40812	-0.00291	-0.20815
1.40619	-0.00303	-0.21672
1.40411	-0.00293	-0.20915
1.40219	-0.00307	-0.21897
1.40013	-0.00297	-0.21194
1.3982	-0.00309	-0.22055
1.39614	-0.00297	-0.21247
1.39422	-0.00306	-0.21868
1.39215	-0.00297	-0.21202
1.39018	-0.0031	-0.22169
1.38811	-0.00296	-0.21154
1.38618	-0.00312	-0.22279
1.38411	-0.00299	-0.21369
1.38219	-0.00313	-0.22344
1.38012	-0.00298	-0.21319
1.37819	-0.00313	-0.22389
1.37613	-0.00301	-0.21472
1.37419	-0.00316	-0.22587
1.37213	-0.00301	-0.21472
1.37022	-0.00318	-0.22733
1.36815	-0.00306	-0.21875
1.36621	-0.00319	-0.22788
1.36414	-0.00302	-0.2156
1.36221	-0.00317	-0.22621
1.36016	-0.00307	-0.21911
1.35822	-0.00318	-0.22716
1.35616	-0.003	-0.21421
1.35422	-0.00314	-0.2241
1.35215	-0.00302	-0.21598
1.35024	-0.00318	-0.22716
1.34816	-0.00303	-0.21665
1.34625	-0.00319	-0.22783
1.34417	-0.00305	-0.21811
1.34225	-0.00314	-0.22425
1.34016	-0.003	-0.21436
1.33821	-0.00314	-0.22442
1.33615	-0.00304	-0.21679
1.33422	-0.00318	-0.22723
1.33216	-0.00299	-0.21366
1.33023	-0.00313	-0.22339
1.32816	-0.00296	-0.21116
1.32623	-0.00312	-0.2226
1.32415	-0.00296	-0.21135
1.32223	-0.00311	-0.222
1.32018	-0.00298	-0.21316
1.31825	-0.00312	-0.22293
1.31618	-0.00294	-0.20999
1.31422	-0.00312	-0.22262
1.31214	-0.00295	-0.21051
1.31021	-0.00308	-0.22033
1.30815	-0.00291	-0.2081
1.30622	-0.00303	-0.21667
1.30416	-0.00287	-0.20528
1.30223	-0.00307	-0.21926
1.30016	-0.00289	-0.20669
1.29824	-0.00306	-0.21835
1.29617	-0.00294	-0.20977
1.29425	-0.00304	-0.21713
1.2922	-0.00288	-0.20578
1.29026	-0.00307	-0.21947
1.28815	-0.00291	-0.20779
1.28621	-0.00305	-0.21765
1.28416	-0.00287	-0.20523
1.28222	-0.00304	-0.21718
1.28018	-0.00283	-0.20193
1.27822	-0.003	-0.21414
1.27618	-0.00281	-0.20067
1.27423	-0.00301	-0.21529
1.27218	-0.00286	-0.20408
1.27024	-0.00301	-0.21522
1.2682	-0.00287	-0.20499
1.26624	-0.00304	-0.21706
1.26421	-0.00284	-0.20251
1.26224	-0.003	-0.21419
1.2602	-0.00283	-0.20201
1.25825	-0.00303	-0.21634
1.25622	-0.00283	-0.20182
1.25425	-0.00299	-0.21359
1.25222	-0.00274	-0.19575
1.25026	-0.00301	-0.21474
1.24823	-0.00282	-0.20136
1.24627	-0.00303	-0.21648
1.24424	-0.00283	-0.20227
1.24228	-0.00303	-0.2166
1.24026	-0.00282	-0.20167
1.23827	-0.00302	-0.21565
1.23622	-0.00283	-0.20229
1.23425	-0.00302	-0.21598
1.23223	-0.00287	-0.20497
1.23025	-0.00302	-0.21546
1.22824	-0.0028	-0.20024
1.22625	-0.00303	-0.21615
1.22424	-0.00283	-0.20246
1.22225	-0.00303	-0.21634
1.22025	-0.00283	-0.20201
1.21826	-0.00309	-0.22043
1.21627	-0.00291	-0.20807
1.21428	-0.00313	-0.22322
1.21223	-0.00288	-0.20547
1.21023	-0.00311	-0.22248
1.20823	-0.00293	-0.20948
1.20623	-0.00313	-0.22375
1.20424	-0.00287	-0.20468
1.20224	-0.00307	-0.21933
1.20024	-0.00288	-0.20592
1.19824	-0.00314	-0.22458
1.19625	-0.00293	-0.20913
1.19425	-0.00319	-0.2279
1.19227	-0.00292	-0.20836
1.19027	-0.0032	-0.22845
1.18827	-0.00296	-0.21151
1.18623	-0.00317	-0.22614
1.18425	-0.00296	-0.21151
1.18223	-0.00319	-0.22802
1.18024	-0.00296	-0.21149
1.17824	-0.00316	-0.22575
1.17625	-0.00293	-0.20898
1.17423	-0.00315	-0.22487
1.17225	-0.00297	-0.21233
1.17024	-0.00319	-0.22797
1.16828	-0.00301	-0.21522
1.16626	-0.00327	-0.23388
1.16428	-0.00305	-0.21799
1.16227	-0.00326	-0.23306
1.16027	-0.00306	-0.21837
1.15826	-0.00328	-0.23438
1.15629	-0.00304	-0.21715
1.15427	-0.00327	-0.23361
1.1523	-0.00305	-0.21754
1.15026	-0.00324	-0.23144
1.1483	-0.00305	-0.21758
1.14627	-0.00329	-0.23524
1.14431	-0.00309	-0.22098
1.14229	-0.00335	-0.23937
1.14032	-0.0031	-0.22162
1.1383	-0.00337	-0.24071
1.13633	-0.00314	-0.22401
1.13426	-0.00341	-0.24377
1.1323	-0.00315	-0.2253
1.13026	-0.00337	-0.24104
1.1283	-0.00317	-0.2264
1.12627	-0.00345	-0.2463
1.1243	-0.00316	-0.22549
1.12226	-0.00338	-0.24171
1.12031	-0.00323	-0.23063
1.11828	-0.00347	-0.24797
1.11631	-0.00322	-0.22993
1.11429	-0.00349	-0.24924
1.11233	-0.00322	-0.23024
1.11027	-0.00349	-0.2496
1.10827	-0.00327	-0.23364
1.10624	-0.0035	-0.25031
1.10428	-0.0033	-0.23564
1.10224	-0.00351	-0.25079
1.10028	-0.00327	-0.23376
1.09825	-0.00352	-0.25108
1.09629	-0.00335	-0.23932
1.09426	-0.00361	-0.25784
1.0923	-0.00336	-0.24023
1.09026	-0.00358	-0.25566
1.08832	-0.0034	-0.24298
1.08628	-0.00363	-0.25913
1.0843	-0.00341	-0.24326
1.08224	-0.00361	-0.25791
1.08028	-0.00346	-0.24721
1.07825	-0.00369	-0.26388
1.07629	-0.00348	-0.24881
1.07425	-0.00367	-0.26207
1.0723	-0.0035	-0.24995
1.07026	-0.00372	-0.26591
1.0683	-0.00353	-0.25182
1.06627	-0.00377	-0.26928
1.06432	-0.00356	-0.25437
1.06228	-0.00377	-0.26904
1.06032	-0.00356	-0.25437
1.05828	-0.00379	-0.27093
1.05632	-0.00364	-0.26025
1.05429	-0.00385	-0.27485
1.05233	-0.00367	-0.2618
1.05029	-0.00386	-0.27585
1.04834	-0.00364	-0.26013
1.04629	-0.00388	-0.27738
1.04433	-0.0037	-0.26448
1.04231	-0.00392	-0.28008
1.04034	-0.00376	-0.26828
1.03831	-0.00398	-0.28433
1.03635	-0.00377	-0.2694
1.03432	-0.00402	-0.28684
1.03231	-0.00382	-0.27303
1.03029	-0.00405	-0.28956
1.02832	-0.00384	-0.27396
1.02628	-0.00404	-0.28842
1.02434	-0.00382	-0.27255
1.02229	-0.00397	-0.28347
1.02032	-0.00383	-0.27337
1.0183	-0.00407	-0.29064
1.01634	-0.00391	-0.27912
1.01432	-0.00415	-0.29666
1.01235	-0.00392	-0.27994
1.01033	-0.00413	-0.29532
1.00836	-0.00394	-0.28144
1.00628	-0.00419	-0.29957
1.00431	-0.004	-0.28555
1.00229	-0.00419	-0.29898
1.00032	-0.004	-0.28603
0.9983	-0.00422	-0.30172
0.99631	-0.00402	-0.28686
0.99431	-0.00429	-0.30641
0.99234	-0.00413	-0.29477
0.99031	-0.00432	-0.30872
0.98835	-0.00418	-0.29828
0.98633	-0.00437	-0.31233
0.98436	-0.00422	-0.30172
0.98231	-0.00438	-0.3131
0.98031	-0.00424	-0.30299
0.97829	-0.00444	-0.31716
0.97632	-0.00429	-0.30669
0.97429	-0.00445	-0.31766
0.97234	-0.00425	-0.30387
0.9703	-0.00442	-0.31568
0.96833	-0.00433	-0.30937
0.96631	-0.0045	-0.32148
0.96434	-0.00433	-0.30927
0.96231	-0.00456	-0.32547
0.96036	-0.0044	-0.3141
0.95834	-0.00459	-0.32788
0.95635	-0.00441	-0.31527
0.95432	-0.00462	-0.33032
0.95236	-0.00444	-0.31723
0.95033	-0.00461	-0.32932
0.94836	-0.00445	-0.31766
0.94632	-0.00452	-0.32268
0.94437	-0.00442	-0.31556
0.94234	-0.00462	-0.33025
0.94038	-0.00448	-0.32002
0.93835	-0.00465	-0.33194
0.93639	-0.00457	-0.32612
0.93436	-0.00471	-0.33608
0.9324	-0.00455	-0.32478
0.93033	-0.00472	-0.33699
0.92836	-0.00453	-0.32351
0.92633	-0.00471	-0.33615
0.92437	-0.00453	-0.32377
0.92234	-0.00472	-0.33742
0.92037	-0.00452	-0.32263
0.91832	-0.00471	-0.33622
0.91637	-0.00454	-0.32399
0.91434	-0.00476	-0.33992
0.91239	-0.00462	-0.32999
0.91035	-0.00476	-0.33985
0.9084	-0.00459	-0.32819
0.90636	-0.00475	-0.33916
0.90436	-0.00458	-0.32681
0.90233	-0.00476	-0.34002
0.90036	-0.00459	-0.32788
0.89833	-0.00475	-0.33942
0.89637	-0.00456	-0.32537
0.89433	-0.00471	-0.33644
0.89237	-0.00456	-0.3254
0.89034	-0.00475	-0.33897
0.88838	-0.00462	-0.32989
0.88635	-0.00476	-0.3399
0.88439	-0.0046	-0.32858
0.88236	-0.0048	-0.34272
0.8804	-0.00464	-0.33161
0.87832	-0.00476	-0.33971
0.87636	-0.00459	-0.32805
0.87434	-0.00477	-0.34086
0.87238	-0.00462	-0.33027
0.87033	-0.00471	-0.33675
0.86838	-0.00454	-0.3242
0.86634	-0.0048	-0.34305
0.86439	-0.00467	-0.33345
0.86235	-0.00481	-0.34344
0.86039	-0.00466	-0.33273
0.85836	-0.00487	-0.3479
0.85641	-0.00469	-0.33524
0.85436	-0.00483	-0.34475
0.85239	-0.00467	-0.33371
0.85037	-0.00483	-0.3448
0.84842	-0.00466	-0.33254
0.84637	-0.00482	-0.34425
0.84441	-0.00464	-0.33108
0.84237	-0.00479	-0.34188
0.84042	-0.00465	-0.33216
0.83837	-0.00482	-0.34446
0.83643	-0.00467	-0.33328
0.83439	-0.00486	-0.34704
0.83245	-0.00467	-0.33386
0.83041	-0.00485	-0.34673
0.82841	-0.00464	-0.33163
0.82637	-0.00484	-0.34566
0.82441	-0.00471	-0.33629
0.82238	-0.00484	-0.34599
0.82042	-0.00466	-0.33278
0.81838	-0.00477	-0.34066
0.81643	-0.00463	-0.33053
0.81438	-0.00481	-0.34379
0.81243	-0.00467	-0.33333
0.81039	-0.00486	-0.34702
0.80845	-0.00471	-0.33641
0.8064	-0.00484	-0.34597
0.80444	-0.00467	-0.33369
0.80237	-0.00484	-0.34537
0.80041	-0.00474	-0.33842
0.79836	-0.00486	-0.34726
0.79641	-0.00464	-0.33168
0.79437	-0.00483	-0.34518
0.79241	-0.00467	-0.33393
0.79038	-0.00482	-0.34453
0.78842	-0.00473	-0.33758
0.78639	-0.0049	-0.35003
0.78445	-0.00476	-0.34028
0.78239	-0.0049	-0.34967
0.78046	-0.00474	-0.33875
0.77841	-0.0049	-0.34991
0.77643	-0.00476	-0.34023
0.77437	-0.0049	-0.34989
0.77242	-0.00477	-0.341
0.77038	-0.00493	-0.35237
0.76843	-0.00478	-0.34157
0.76638	-0.00489	-0.34934
0.76443	-0.00479	-0.34248
0.76238	-0.00493	-0.35249
0.76044	-0.00481	-0.34363
0.75839	-0.00496	-0.35419
0.75644	-0.00479	-0.34188
0.75442	-0.00498	-0.35545
0.75245	-0.00484	-0.34599
0.7504	-0.00497	-0.35507
0.74846	-0.00481	-0.34324
0.74642	-0.00501	-0.35763
0.74446	-0.00487	-0.34757
0.74243	-0.005	-0.35715
0.74046	-0.00485	-0.34623
0.73843	-0.00501	-0.35818
0.73648	-0.00489	-0.3496
0.73443	-0.00504	-0.3599
0.73249	-0.00489	-0.34962
0.73045	-0.00512	-0.36541
0.72851	-0.00499	-0.35634
0.72642	-0.00513	-0.36656
0.72446	-0.00498	-0.35591
0.72242	-0.00516	-0.36845
0.72046	-0.00504	-0.36035
0.71843	-0.00511	-0.36527
0.71647	-0.00499	-0.35636
0.71443	-0.00513	-0.36678
0.71247	-0.00497	-0.35497
0.71043	-0.00517	-0.36926
0.70848	-0.00504	-0.36018
0.70644	-0.00521	-0.37184
0.70449	-0.00509	-0.36355
0.70246	-0.00521	-0.37246
0.70049	-0.00509	-0.3635
0.69845	-0.00525	-0.37523
0.6965	-0.00515	-0.36802
0.69446	-0.00527	-0.37645
0.69249	-0.00511	-0.36527