	[Co Spot (1,1)] Co2p		[IrCo 20:80 Spot (2,1)] Co2p		[IrCo 40:60 Spot (3,1)] Co2p		[IrCo 60:40 Spot (4,1)] Co2p		[IrCo 80:20 Spot (5,1)] Co2p		[Ir Spot (9,6)] Co2p
769.43	1313.9625874	769.51	5049.630621467	769.48	9732.712173934	769.43	12664.704614848	769.56	16455.607996358	769.44	21590.545241755
769.53	1333.26345447	769.61	5046.512498177	769.58	9715.329392574	769.53	12655.361240614	769.66	16452.704243641	769.54	21613.739374685
769.63	1344.52320262	769.71	5046.934397467	769.68	9747.747695354	769.63	12664.754436898	769.76	16457.954944225	769.64	21620.744599615
769.73	1332.64666318	769.81	5068.509502597	769.78	9737.994887394	769.73	12670.904647764	769.86	16446.272688091	769.74	21653.615150015
769.83	1355.43070276	769.91	5066.192897707	769.88	9744.308928934	769.83	12670.689629514	769.96	16439.645909691	769.84	21637.179112685
769.93	1352.58945373	770.01	5056.936413197	769.98	9744.163402774	769.93	12663.738316281	770.06	16452.459598941	769.94	21656.666567615
770.03	1362.80470207	770.11	5071.372544267	770.08	9739.171722024	770.03	12669.629135181	770.16	16463.376603091	770.04	21585.239747615
770.13	1355.88489107	770.21	5075.168774267	770.18	9736.714165354	770.13	12672.505095364	770.26	16441.494143641	770.14	21548.036655085
770.23	1357.05687282	770.31	5087.452096217	770.28	9744.366957954	770.23	12676.925815314	770.36	16447.915447141	770.24	21587.922601755
770.33	1341.58157522	770.41	5085.409573867	770.38	9740.815660334	770.33	12677.748951581	770.46	16459.343996458	770.34	21562.899205355
770.43	1350.54714644	770.51	5072.739145017	770.48	9734.046650684	770.43	12681.691090098	770.56	16454.672885258	770.44	21603.755173755
770.53	1374.84411898	770.61	5078.572047047	770.58	9747.710914994	770.53	12666.845279814	770.66	16463.933386925	770.54	21627.115909885
770.63	1367.90006227	770.71	5083.153307107	770.68	9739.180346484	770.63	12671.936897198	770.76	16458.342760958	770.64	21592.149763755
770.73	1364.12520389	770.81	5070.148886597	770.78	9736.176091954	770.73	12663.979966331	770.86	16455.368675908	770.74	21581.766103085
770.83	1364.11347487	770.91	5077.382231817	770.88	9762.509540284	770.83	12665.272677914	770.96	16447.595439391	770.84	21563.774410685
770.93	1359.80685789	771.01	5094.067108597	770.98	9748.694435514	770.93	12671.295066581	771.06	16449.995811025	770.94	21577.538386415
771.03	1359.89675604	771.11	5078.578931357	771.08	9757.001873864	771.03	12658.383799148	771.16	16459.106392325	771.04	21607.901341085
771.13	1361.2278478	771.21	5086.362549287	771.18	9753.557956244	771.13	12672.661698814	771.26	16455.970457875	771.14	21624.592883355
771.23	1374.76008076	771.31	5077.677638847	771.28	9755.417532224	771.23	12678.430873331	771.36	16453.934587425	771.24	21581.165402555
771.33	1368.39023124	771.41	5072.799729997	771.38	9758.087525974	771.33	12666.471852198	771.46	16453.148963341	771.34	21647.498199355
771.43	1358.44934156	771.51	5071.945131047	771.48	9765.325250684	771.43	12680.544160314	771.56	16452.321852208	771.44	21639.105978415
771.53	1351.89807871	771.61	5096.150891247	771.58	9746.801489394	771.53	12672.699340664	771.66	16459.115803425	771.54	21605.400277885
771.63	1364.21602616	771.71	5097.795963557	771.68	9749.383054624	771.63	12667.538301498	771.76	16467.683389558	771.64	21651.282322955
771.73	1379.51711738	771.81	5092.097099887	771.78	9733.120072714	771.73	12675.811142048	771.86	16456.012689408	771.74	21602.191553755
771.83	1364.12257698	771.91	5085.933902107	771.88	9736.246736394	771.83	12661.484816748	771.96	16455.176639658	771.84	21594.702306685
771.93	1379.46057564	772.01	5083.988014067	771.98	9757.507089954	771.93	12663.169790098	772.06	16442.882996641	771.94	21643.820044155
772.03	1361.96768431	772.11	5081.297845467	772.08	9769.417220224	772.03	12663.437045098	772.16	16450.484205858	772.04	21623.805874955
772.13	1386.4357562	772.21	5089.872484417	772.18	9761.782996664	772.13	12672.599515881	772.26	16449.330649241	772.14	21612.296937355
772.23	1386.53889736	772.31	5088.997582487	772.28	9763.869619314	772.23	12684.181809698	772.36	16452.670594675	772.24	21562.568089885
772.33	1399.00537556	772.41	5087.221601087	772.38	9782.830568734	772.33	12679.539079614	772.46	16454.742533358	772.34	21582.449009615
772.43	1383.65212044	772.51	5088.178000067	772.48	9764.894602224	772.43	12667.426098031	772.56	16462.156630241	772.44	21575.051404285
772.53	1386.28741207	772.61	5103.182899737	772.58	9738.685566424	772.53	12672.692558231	772.66	16471.615181075	772.54	21613.108394685
772.63	1386.57412451	772.71	5112.231958707	772.68	9756.356051774	772.63	12673.744352231	772.76	16453.187057141	772.64	21639.166409085
772.73	1405.76320744	772.81	5091.795134337	772.78	9764.044439954	772.73	12681.332901814	772.86	16447.290022341	772.74	21617.813227355
772.83	1380.94454484	772.91	5082.508453267	772.88	9773.610136644	772.83	12677.567281648	772.96	16461.501831241	772.84	21613.804386415
772.93	1383.77640351	773.01	5107.250172217	772.98	9760.945518974	772.93	12665.340412298	773.06	16475.150688775	772.94	21582.376911615
773.03	1388.29974293	773.11	5094.525833907	773.08	9767.587255954	773.03	12659.911591731	773.16	16472.744245908	773.04	21629.833874285
773.13	1382.9625008	773.21	5096.594604557	773.18	9797.295431754	773.13	12669.077523231	773.26	16466.321651258	773.14	21671.829427355
773.23	1401.39827284	773.31	5093.234078997	773.28	9784.864844114	773.23	12674.307278514	773.36	16444.785171858	773.24	21584.107563355
773.33	1408.25127007	773.41	5087.567801907	773.38	9796.965795444	773.33	12684.600217731	773.46	16441.386879541	773.34	21530.952400015
773.43	1400.89173773	773.51	5091.333238647	773.48	9795.738084624	773.43	12673.629704131	773.56	16453.393763341	773.44	21581.205892285
773.53	1395.82651909	773.61	5099.013309177	773.58	9788.404200954	773.53	12671.106971848	773.66	16457.697941925	773.54	21628.863037755
773.63	1382.85296478	773.71	5116.694505307	773.68	9778.269082314	773.63	12682.946994081	773.76	16453.867258925	773.64	21613.753201485
773.73	1410.74670102	773.81	5123.158362707	773.78	9786.122742684	773.73	12683.329587598	773.86	16458.452158791	773.74	21620.099220155
773.83	1421.29620011	773.91	5109.964468687	773.88	9799.254519644	773.83	12684.988717698	773.96	16460.301365408	773.84	21593.814487485
773.93	1385.26527053	774.01	5110.504449937	773.98	9795.058489444	773.93	12690.005263698	774.06	16467.027791725	773.94	21617.908867485
774.03	1388.16625902	774.11	5110.951367067	774.08	9810.053965534	774.03	12685.868926198	774.16	16466.121564008	774.04	21585.782602815
774.13	1410.48890382	774.21	5119.923117847	774.18	9806.738876354	774.13	12678.033317064	774.26	16461.622066591	774.14	21577.561756015
774.23	1415.64192293	774.31	5127.194311267	774.28	9807.965822934	774.23	12675.783083014	774.36	16460.153367025	774.24	21627.702169885
774.33	1419.07949676	774.41	5134.401823337	774.38	9821.167828714	774.33	12676.133962331	774.46	16464.363716325	774.34	21611.285782815
774.43	1428.31428749	774.51	5131.361051067	774.48	9805.213481974	774.43	12677.797323631	774.56	16463.206442625	774.44	21628.524785215
774.53	1418.98569082	774.61	5145.339375617	774.58	9795.446291354	774.53	12681.658526864	774.66	16466.545774258	774.54	21583.175489885
774.63	1406.7725162	774.71	5145.185442487	774.68	9826.796499754	774.63	12677.470810814	774.76	16455.796767125	774.64	21604.656557355
774.73	1409.75109404	774.81	5124.502029757	774.78	9837.289240844	774.73	12684.286357714	774.86	16454.160133091	774.74	21608.809655755
774.83	1426.62525464	774.91	5109.581944467	774.88	9831.273583194	774.83	12693.094815298	774.96	16456.805138441	774.84	21624.495222685
774.93	1432.10894276	775.01	5127.441424957	774.98	9824.097515114	774.93	12700.850083931	775.06	16462.322529291	774.94	21593.768768285
775.03	1434.30196	775.11	5134.524797397	775.08	9820.326067844	775.03	12692.509757681	775.16	16462.201415858	775.04	21621.031111085
775.13	1438.90354522	775.21	5134.474714137	775.18	9836.368726264	775.13	12689.341193048	775.26	16460.967092708	775.14	21566.173663885
775.23	1452.69960724	775.31	5125.356073197	775.28	9863.876619374	775.23	12698.925075781	775.36	16465.086991575	775.24	21577.089191615
775.33	1443.59513247	775.41	5125.640596087	775.38	9874.603788424	775.33	12701.538361214	775.46	16466.215562775	775.34	21622.967075615
775.43	1433.22465238	775.51	5152.473972307	775.48	9879.447154484	775.43	12704.120982514	775.56	16467.413510508	775.44	21631.810844955
775.53	1455.96855482	775.61	5160.613999937	775.58	9866.976079044	775.53	12697.009508164	775.66	16463.116819125	775.54	21561.358078555
775.63	1462.90469593	775.71	5152.659706737	775.68	9866.632156464	775.63	12701.554577798	775.76	16468.585774525	775.64	21600.499847615
775.73	1463.66205291	775.81	5157.764628687	775.78	9878.583759244	775.73	12707.429594414	775.86	16471.786749291	775.74	21580.663956015
775.83	1458.47779711	775.91	5181.222702177	775.88	9887.207087644	775.83	12707.007682731	775.96	16467.851539791	775.84	21581.358124685
775.93	1467.28470111	776.01	5183.918375707	775.98	9882.926975514	775.93	12709.075587148	776.06	16457.348959558	775.94	21651.331127085
776.03	1478.01670862	776.11	5187.475499537	776.08	9899.005648934	776.03	12707.875905331	776.16	16458.984587141	776.04	21608.863110285
776.13	1505.86093918	776.21	5171.150969597	776.18	9895.209499374	776.13	12707.954476448	776.26	16467.852471275	776.14	21625.511831215
776.23	1506.13137751	776.31	5182.931097157	776.28	9892.108634444	776.23	12713.775840814	776.36	16458.669462291	776.24	21616.719671755
776.33	1500.41593609	776.41	5180.209942247	776.38	9934.536758714	776.33	12719.809169581	776.46	16468.420047341	776.34	21636.116739215
776.43	1505.82262847	776.51	5200.890144107	776.48	9932.987279974	776.43	12711.145627164	776.56	16464.414470475	776.44	21676.258469885
776.53	1504.99158269	776.61	5207.298415777	776.58	9939.290952934	776.53	12722.635634881	776.66	16463.027388375	776.54	21607.113025885
776.63	1492.57571942	776.71	5210.446177307	776.68	9961.779452994	776.63	12710.971298731	776.76	16476.054461391	776.64	21586.457844285
776.73	1503.95952	776.81	5207.195784907	776.78	9972.951961534	776.73	12729.711119631	776.86	16471.706634791	776.74	21611.862111355
776.83	1533.26198067	776.91	5204.715502377	776.88	9993.922699354	776.83	12730.215327698	776.96	16464.278978125	776.84	21582.044460015
776.93	1542.89304587	777.01	5227.608846157	776.98	10025.353051684	776.93	12730.345402431	777.06	16476.694145341	776.94	21582.737988955
777.03	1529.78892071	777.11	5231.415633067	777.08	10035.257468284	777.03	12729.115960048	777.16	16474.292730758	777.04	21595.601514685
777.13	1549.09374167	777.21	5254.978415107	777.18	10057.269042194	777.13	12719.980225881	777.26	16476.715702125	777.14	21650.209408685
777.23	1571.46650031	777.31	5261.392656177	777.28	10142.637367974	777.23	12736.786184214	777.36	16487.236158891	777.24	21548.886390555
777.33	1562.10435956	777.41	5275.973366177	777.38	10190.547550224	777.33	12759.216268631	777.46	16471.476330991	777.34	21598.885421885
777.43	1594.49397091	777.51	5313.274403157	777.48	10253.037651484	777.43	12748.358315731	777.56	16478.970143225	777.44	21633.419461085
777.53	1642.18696664	777.61	5347.233286797	777.58	10309.151085514	777.53	12766.929385698	777.66	16487.059741675	777.54	21605.947513485
777.63	1663.64097671	777.71	5401.663905287	777.68	10408.137920264	777.63	12770.020243998	777.76	16495.394298358	777.64	21652.310619355
777.73	1699.3909178	777.81	5445.446345907	777.78	10514.644689594	777.73	12807.435330001	777.86	16495.151312208	777.74	21600.402026415
777.83	1752.78069927	777.91	5498.925495357	777.88	10658.247192444	777.83	12826.445637411	777.96	16492.200432675	777.84	21528.350061485
777.93	1803.09192424	778.01	5577.287459557	777.98	10784.080196374	777.93	12843.760736961	778.06	16498.479025375	777.94	21578.762019885
778.03	1890.56642144	778.11	5659.306322907	778.08	10981.591360554	778.03	12868.262306981	778.16	16510.237161525	778.04	21573.811123755
778.13	1977.2892286	778.21	5748.865395507	778.18	11190.875179024	778.13	12894.837196481	778.26	16516.916825108	778.14	21606.848561215
778.23	2079.4375794	778.31	5876.398018667	778.28	11432.556230374	778.23	12932.574584451	778.36	16508.314451825	778.24	21620.977390415
778.33	2191.90912856	778.41	6009.496512287	778.38	11681.382992864	778.33	12989.178348151	778.46	16518.161491408	778.34	21652.011667615
778.43	2349.07777924	778.51	6179.049345957	778.48	11914.065909734	778.43	13024.529032381	778.56	16533.022225375	778.44	21535.733993355
778.53	2482.95749696	778.61	6359.114282087	778.58	12158.195714444	778.53	13075.979491231	778.66	16527.402571408	778.54	21603.318603755
778.63	2666.43980207	778.71	6511.466917907	778.68	12290.926079684	778.63	13139.771720461	778.76	16525.948392558	778.64	21552.634324685
778.73	2898.94295638	778.81	6655.416874087	778.78	12432.596663754	778.73	13218.577199081	778.86	16523.050517175	778.74	21586.460306555
778.83	3130.61493809	778.91	6750.971197417	778.88	12511.472719314	778.83	13291.246541631	778.96	16530.690703375	778.84	21604.378362415
778.93	3356.98198773	779.01	6858.242255067	778.98	12490.476918284	778.93	13367.538506431	779.06	16540.782075408	778.94	21593.907531485
779.03	3531.88022742	779.11	6896.550515597	779.08	12474.271822024	779.03	13419.960083151	779.16	16548.209075208	779.04	21600.876421885
779.13	3623.70426029	779.21	6901.207580137	779.18	12379.604287084	779.13	13449.625494481	779.26	16545.166904175	779.14	21553.225001485
779.23	3684.89633584	779.31	6838.414706797	779.28	12315.448715534	779.23	13442.244284431	779.36	16550.647173691	779.24	21591.761305355
779.33	3687.48282793	779.41	6813.134990577	779.38	12262.953876554	779.33	13447.234831911	779.46	16548.769339841	779.34	21622.861156555
779.43	3631.89585642	779.51	6760.598541667	779.48	12239.380630334	779.43	13413.929331751	779.56	16557.750337158	779.44	21565.304258555
779.53	3580.03028982	779.61	6715.211605307	779.58	12200.608569044	779.53	13420.940409581	779.66	16552.730880625	779.54	21624.254256015
779.63	3539.48960944	779.71	6674.677232687	779.68	12157.736670174	779.63	13406.841324351	779.76	16563.817159691	779.64	21591.105086685
779.73	3493.56050398	779.81	6659.775441647	779.78	12126.647422684	779.73	13385.408811811	779.86	16572.805543741	779.74	21634.836054955
779.83	3445.00686633	779.91	6633.617147737	779.88	12100.374557134	779.83	13372.120848901	779.96	16583.816488625	779.84	21671.731241885
779.93	3394.58599798	780.01	6619.242892707	779.98	12042.266260174	779.93	13376.812187181	780.06	16584.690390408	779.94	21601.281305615
780.03	3352.82384307	780.11	6596.088186447	780.08	11974.141372844	780.03	13345.303094811	780.16	16577.144885791	780.04	21582.196140555
780.13	3345.59724209	780.21	6568.918878247	780.18	11921.139589394	780.13	13349.850833481	780.26	16592.364203625	780.14	21585.907276955
780.23	3299.93924791	780.31	6522.861054887	780.28	11879.481121794	780.23	13342.286344781	780.36	16593.054635408	780.24	21657.864554815
780.33	3262.33028991	780.41	6466.832272197	780.38	11810.306495484	780.33	13335.155422711	780.46	16581.348641725	780.34	21546.749535755
780.43	3207.19638238	780.51	6443.867010467	780.48	11727.430305064	780.43	13321.366793561	780.56	16588.586876941	780.44	21626.504291215
780.53	3171.92278067	780.61	6402.944155467	780.58	11686.468677574	780.53	13289.327550911	780.66	16576.575295108	780.54	21632.247259885
780.63	3123.27050933	780.71	6362.703656307	780.68	11610.664979354	780.63	13263.963533781	780.76	16565.248889658	780.64	21555.045830415
780.73	3041.92815144	780.81	6316.746523577	780.78	11539.075217224	780.73	13245.991252611	780.86	16575.486289541	780.74	21565.792314285
780.83	2995.6933794	780.91	6258.010410107	780.88	11500.581202884	780.83	13247.928134861	780.96	16567.546040558	780.84	21640.059370285
780.93	2930.37771358	781.01	6219.923970977	780.98	11445.950871354	780.93	13212.525543561	781.06	16573.556659191	780.94	21625.108161755
781.03	2868.43761007	781.11	6190.439344687	781.08	11377.658046224	781.03	13185.700202831	781.16	16576.944156675	781.04	21606.107052415
781.13	2857.95462529	781.21	6160.780415667	781.18	11322.010660314	781.13	13175.648008861	781.26	16575.065520258	781.14	21611.954186685
781.23	2774.19747713	781.31	6121.332361597	781.28	11265.354893934	781.23	13155.949318401	781.36	16565.107908591	781.24	21636.763465485
781.33	2711.96156204	781.41	6068.944894087	781.38	11221.754911754	781.33	13133.938515451	781.46	16556.856310875	781.34	21566.944853355
781.43	2658.93232931	781.51	6033.939482157	781.48	11141.475182284	781.43	13117.679183911	781.56	16569.811450391	781.44	21551.679732015
781.53	2622.65191296	781.61	6006.800524417	781.58	11077.430783024	781.53	13107.966543001	781.66	16570.345676775	781.54	21565.895701885
781.63	2562.36026598	781.71	5956.166436247	781.68	11049.339466114	781.63	13118.664783001	781.76	16564.282063141	781.64	21578.275783755
781.73	2501.58651509	781.81	5923.013710047	781.78	10969.589381974	781.73	13088.269980051	781.86	16550.533330625	781.74	21647.988308015
781.83	2459.86750151	781.91	5883.315732977	781.88	10921.664817574	781.83	13056.139442511	781.96	16545.290923325	781.84	21584.462293355
781.93	2419.04283142	782.01	5853.827829887	781.98	10889.168378624	781.93	13043.275406581	782.06	16559.202538858	781.94	21556.869330685
782.03	2378.48665098	782.11	5843.457219907	782.08	10835.354017514	782.03	13038.246843761	782.16	16556.721680275	782.04	21581.649806015
782.13	2362.88139318	782.21	5831.087979287	782.18	10808.619347484	782.13	13030.643977101	782.26	16541.383853275	782.14	21632.363493615
782.23	2317.38461271	782.31	5812.521861287	782.28	10751.895906794	782.23	13012.070799031	782.36	16558.217948375	782.24	21604.206830815
782.33	2280.08351564	782.41	5776.743650247	782.38	10747.621807464	782.33	13003.660958511	782.46	16553.333656458	782.34	21565.322692415
782.43	2226.52587156	782.51	5749.930681557	782.48	10724.528228064	782.43	12995.963483051	782.56	16543.530651791	782.44	21570.242573085
782.53	2212.33745169	782.61	5710.661255307	782.58	10686.438185064	782.53	12990.295706901	782.66	16529.983253641	782.54	21601.600503615
782.63	2199.51488773	782.71	5686.978604797	782.68	10662.274422064	782.63	12960.424939001	782.76	16538.009914941	782.64	21613.248660815
782.73	2177.83108784	782.81	5699.209702177	782.78	10642.465651884	782.73	12949.217843031	782.86	16535.277951091	782.74	21604.240383755
782.83	2130.34415522	782.91	5667.259577337	782.88	10602.254109114	782.83	12954.383253261	782.96	16536.196337125	782.84	21547.950977215
782.93	2095.83184289	783.01	5656.708183087	782.98	10589.928166194	782.93	12945.004576161	783.06	16531.664119541	782.94	21569.477612955
783.03	2083.22333229	783.11	5625.382546907	783.08	10597.130688664	783.03	12936.375635181	783.16	16528.417037358	783.04	21680.497698685
783.13	2065.35512856	783.21	5612.230258977	783.18	10548.266154334	783.13	12945.736144131	783.26	16529.403333641	783.14	21645.908769355
783.23	2066.74305664	783.31	5616.754175047	783.28	10541.053808534	783.23	12932.892450201	783.36	16530.840598541	783.24	21596.707111085
783.33	2056.67681367	783.41	5604.953073087	783.38	10548.910976334	783.33	12911.516163461	783.46	16528.169883325	783.34	21622.784603615
783.43	2016.20289216	783.51	5603.298539047	783.48	10513.698993444	783.43	12909.263643431	783.56	16531.462130225	783.44	21650.027932155
783.53	2011.5571856	783.61	5606.650396247	783.58	10526.216755394	783.53	12907.489465611	783.66	16529.863287391	783.54	21596.126490415
783.63	2014.79241211	783.71	5587.952328757	783.68	10534.788993444	783.63	12909.895019901	783.76	16531.285430325	783.64	21584.474321085
783.73	2007.00254824	783.81	5597.820016217	783.78	10505.700137314	783.73	12901.073399551	783.86	16526.030099941	783.74	21581.428120285
783.83	2002.47192996	783.91	5578.793681957	783.88	10504.312617994	783.83	12903.446670931	783.96	16520.361999108	783.84	21579.302729215
783.93	1981.99294778	784.01	5580.088513307	783.98	10531.666526224	783.93	12910.998907831	784.06	16512.429514675	783.94	21608.048659485
784.03	1981.09137731	784.11	5577.013976017	784.08	10493.231537554	784.03	12891.102823661	784.16	16517.415065091	784.04	21630.432721615
784.13	1959.97659269	784.21	5582.702045937	784.18	10474.903215444	784.13	12886.655501651	784.26	16517.247018008	784.14	21567.924421485
784.23	1973.24094544	784.31	5570.436186087	784.28	10499.978036884	784.23	12883.574384011	784.36	16517.278719891	784.24	21560.807908155
784.33	1985.61721209	784.41	5554.780241417	784.38	10491.279199284	784.33	12880.664809181	784.46	16504.837100841	784.34	21571.919192155
784.43	1988.94630238	784.51	5560.276102687	784.48	10502.708440554	784.43	12880.277861631	784.56	16508.333130791	784.44	21609.367833355
784.53	1969.55448822	784.61	5553.947640737	784.58	10501.959394444	784.53	12894.240781051	784.66	16519.248001891	784.54	21539.590154555
784.63	1971.48463651	784.71	5569.014257777	784.68	10504.416792974	784.63	12884.552918431	784.76	16523.032329025	784.64	21554.918030685
784.73	1962.48298336	784.81	5557.562016887	784.78	10500.595926264	784.73	12883.253109081	784.86	16523.668340191	784.74	21597.225002285
784.83	1975.61880742	784.91	5559.634681107	784.88	10487.951028754	784.83	12885.005146281	784.96	16531.817869808	784.84	21556.926989485
784.93	1975.32855371	785.01	5581.351801487	784.98	10468.606781394	784.93	12885.320273561	785.06	16523.829590991	784.94	21563.870340555
785.03	1972.36395456	785.11	5571.436107957	785.08	10501.768392624	785.03	12905.641569081	785.16	16524.981533275	785.04	21557.519975615
785.13	1992.48146993	785.21	5581.827882977	785.18	10477.992870824	785.13	12896.580321961	785.26	16527.149322558	785.14	21630.448250555
785.23	1983.24207127	785.31	5567.111975937	785.28	10478.839523534	785.23	12891.460920661	785.36	16522.654208091	785.24	21572.408831755
785.33	1973.82847171	785.41	5593.758537157	785.38	10491.577680714	785.33	12883.852003461	785.46	16522.466331441	785.34	21593.442299215
785.43	1986.75038709	785.51	5592.121715307	785.48	10495.640344794	785.43	12896.718521101	785.56	16524.598779125	785.44	21599.247911085
785.53	1973.41812693	785.61	5578.667913737	785.58	10506.182641154	785.53	12902.244900201	785.66	16529.164775741	785.54	21634.258533885
785.63	1988.9042654	785.71	5553.362983417	785.68	10528.046954484	785.63	12904.054055961	785.76	16516.408957541	785.64	21581.369774955
785.73	1993.9178986	785.81	5552.583028537	785.78	10506.662710994	785.73	12902.072172851	785.86	16527.525351591	785.74	21600.266851085
785.83	1987.65653111	785.91	5563.599534977	785.88	10518.336541954	785.83	12888.440151851	785.96	16519.204290208	785.84	21580.392536285
785.93	1994.89641422	786.01	5563.517199137	785.98	10505.705100774	785.93	12884.300081651	786.06	16522.964082958	785.94	21528.137160015
786.03	1983.83604504	786.11	5560.830739797	786.08	10507.677393374	786.03	12874.586993011	786.16	16517.765236175	786.04	21559.794073615
786.13	1976.11428844	786.21	5572.061420777	786.18	10501.057630624	786.13	12893.972642531	786.26	16517.498110558	786.14	21519.292984285
786.23	1970.23638933	786.31	5576.548421737	786.28	10502.260044464	786.23	12891.093894911	786.36	16517.345298775	786.24	21539.096170555
786.33	1981.83093211	786.41	5557.775076377	786.38	10498.829335114	786.33	12885.921211001	786.46	16519.437563791	786.34	21515.235564015
786.43	1989.24405389	786.51	5586.047496707	786.48	10501.146033024	786.43	12896.766240551	786.56	16530.289334825	786.44	21541.511488285
786.53	1990.02313987	786.61	5587.097681847	786.58	10511.211297594	786.53	12893.682123561	786.66	16503.556967791	786.54	21599.620262555
786.63	1967.14211802	786.71	5568.413173047	786.68	10515.272758554	786.63	12894.590943131	786.76	16516.144527141	786.64	21609.601687085
786.73	1978.44635667	786.81	5577.266849017	786.78	10478.930448024	786.73	12886.598760011	786.86	16514.768577441	786.74	21624.377470555
786.83	1972.49952713	786.91	5579.936723417	786.88	10513.207585554	786.83	12887.415582781	786.96	16517.469251258	786.84	21595.930804815
786.93	1960.96563922	787.01	5566.914477867	786.98	10527.003934174	786.93	12887.813864011	787.06	16522.058148991	786.94	21589.923848015
787.03	1965.15407502	787.11	5597.420532107	787.08	10538.761974774	787.03	12885.278940331	787.16	16518.991469541	787.04	21606.561084285
787.13	1976.89307649	787.21	5602.313654537	787.18	10546.048467714	787.13	12881.392653101	787.26	16519.527226041	787.14	21566.197483355
787.23	1982.93844473	787.31	5594.906436357	787.28	10535.887843224	787.23	12892.673933561	787.36	16505.851513775	787.24	21616.657570415
787.33	2006.42232007	787.41	5607.111614617	787.38	10564.118888754	787.33	12912.469185751	787.46	16508.110496708	787.34	21638.516698555
787.43	2004.99801284	787.51	5613.298492737	787.48	10557.526148194	787.43	12894.651497881	787.56	16508.449233525	787.44	21577.149872155
787.53	2018.74558236	787.61	5607.792588087	787.58	10549.695439954	787.53	12884.625326501	787.66	16501.813231775	787.54	21587.908566415
787.63	2009.54591053	787.71	5591.777291447	787.68	10556.295754624	787.63	12886.763801501	787.76	16503.034137108	787.64	21571.265067085
787.73	2006.68401436	787.81	5614.444207357	787.78	10590.485834734	787.73	12896.003395281	787.86	16506.762932491	787.74	21601.550003755
787.83	2039.1227668	787.91	5643.148144937	787.88	10582.483513334	787.83	12889.222854631	787.96	16512.570495658	787.84	21596.649976815
787.93	2029.48548151	788.01	5644.024594557	787.98	10578.092459044	787.93	12879.372297831	788.06	16512.555162975	787.94	21561.798481885
788.03	2042.90942916	788.11	5625.625144267	788.08	10589.740619914	788.03	12887.559623431	788.16	16512.626507808	788.04	21555.766834015
788.13	2034.98100322	788.21	5627.505332957	788.18	10607.391234224	788.13	12906.576856511	788.26	16513.765964275	788.14	21609.949853755
788.23	2046.68743824	788.31	5642.693031977	788.28	10626.605553934	788.23	12889.156761861	788.36	16513.126315225	788.24	21621.586258285
788.33	2036.84333442	788.41	5656.277882937	788.38	10609.250942714	788.33	12905.185020311	788.46	16516.441801025	788.34	21521.275705755
788.43	2067.46349156	788.51	5652.319017647	788.48	10622.721265624	788.43	12899.905723751	788.56	16517.004775708	788.44	21587.921213355
788.53	2058.07147442	788.61	5656.112793997	788.58	10629.840127284	788.53	12914.368004081	788.66	16499.959771008	788.54	21608.348369885
788.63	2062.31716987	788.71	5640.034937997	788.68	10606.068169334	788.63	12909.284226181	788.76	16498.631540575	788.64	21570.954555085
788.73	2052.15206444	788.81	5648.951386977	788.78	10628.974531464	788.73	12898.705592201	788.86	16502.294442875	788.74	21529.292290155
788.83	2053.410571	788.91	5649.174477817	788.88	10651.705981684	788.83	12900.144965111	788.96	16497.893124891	788.84	21581.532981215
788.93	2063.82575696	789.01	5655.085329537	788.98	10637.518984424	788.93	12919.342674301	789.06	16498.738832808	788.94	21601.386248285
789.03	2071.96509507	789.11	5651.764467487	789.08	10612.729061134	789.03	12908.437530901	789.16	16509.586770791	789.04	21573.597752815
789.13	2081.8988268	789.21	5656.451253977	789.18	10621.562086534	789.13	12905.322514701	789.26	16510.452035825	789.14	21557.306220955
789.23	2093.39649178	789.31	5652.214292797	789.28	10641.877353974	789.23	12909.456132181	789.36	16502.431807941	789.24	21578.953737755
789.33	2078.58838056	789.41	5642.699981307	789.38	10615.613752284	789.33	12916.460304651	789.46	16501.324841558	789.34	21580.134211615
789.43	2077.80267996	789.51	5635.901429357	789.48	10615.264515464	789.43	12923.264475831	789.56	16512.377090191	789.44	21579.460562415
789.53	2104.77275691	789.61	5639.614797597	789.58	10606.950026754	789.53	12913.581604901	789.66	16504.614282191	789.54	21556.098857615
789.63	2097.7888212	789.71	5653.105349777	789.68	10639.938862394	789.63	12909.286481101	789.76	16483.564365708	789.64	21546.538575355
789.73	2117.80290956	789.81	5637.754822617	789.78	10617.751703884	789.73	12919.590111501	789.86	16494.043965675	789.74	21493.121915615
789.83	2067.24733293	789.91	5680.320354937	789.88	10595.948587774	789.83	12894.467868061	789.96	16491.836158808	789.84	21543.506061755
789.93	2096.65506529	790.01	5676.574525107	789.98	10602.774719354	789.93	12896.704980081	790.06	16500.435413841	789.94	21603.358462415
790.03	2074.61365724	790.11	5651.778377357	790.08	10601.292620484	790.03	12903.258088051	790.16	16507.436923125	790.04	21559.892177615
790.13	2100.98622589	790.21	5660.560134907	790.18	10633.384756264	790.13	12899.906256481	790.26	16496.300099575	790.14	21608.026152555
790.23	2089.48572064	790.31	5650.952775977	790.28	10633.720186444	790.23	12919.711046361	790.36	16495.971350741	790.24	21599.683440555
790.33	2086.96586653	790.41	5659.069821557	790.38	10626.355558464	790.33	12910.077455561	790.46	16511.160362958	790.34	21570.756591885
790.43	2086.75461284	790.51	5634.586002937	790.48	10596.180568514	790.43	12906.535976581	790.56	16502.952676658	790.44	21537.770416955
790.53	2075.97781218	790.61	5641.876508447	790.58	10566.890408514	790.53	12907.895679151	790.66	16502.377066341	790.54	21556.843110685
790.63	2068.57681987	790.71	5631.178213847	790.68	10587.458518174	790.63	12895.804369161	790.76	16495.821725091	790.64	21557.955032015
790.73	2054.11026304	790.81	5636.841518217	790.78	10573.370531064	790.73	12896.414909081	790.86	16492.660688808	790.74	21561.501402955
790.83	2051.37148967	790.91	5608.771087647	790.88	10555.136764824	790.83	12891.870066811	790.96	16499.012231225	790.84	21542.208508415
790.93	2069.86131569	791.01	5608.016799847	790.98	10568.485145194	790.93	12889.140368861	791.06	16490.760268025	790.94	21557.117595755
791.03	2057.57152878	791.11	5607.964603557	791.08	10577.136702954	791.03	12885.319470931	791.16	16493.199278158	791.04	21625.875727615
791.13	2040.34187429	791.21	5611.416410707	791.18	10572.022063554	791.13	12882.929017501	791.26	16488.477384908	791.14	21641.146252285
791.23	2024.23556416	791.31	5615.435355087	791.28	10553.699923684	791.23	12891.053770031	791.36	16495.350977925	791.24	21567.440851885
791.33	2007.84493622	791.41	5598.485913557	791.38	10548.985147824	791.33	12882.315726211	791.46	16487.833896258	791.34	21596.489463355
791.43	2043.21160251	791.51	5574.426216137	791.48	10552.457278774	791.43	12891.512158831	791.56	16475.247092341	791.44	21573.633093485
791.53	2044.08544116	791.61	5603.219082157	791.58	10539.043649314	791.53	12896.107071381	791.66	16486.261271908	791.54	21590.147194015
791.63	2027.15139538	791.71	5607.542029647	791.68	10559.581355864	791.63	12892.444175531	791.76	16494.267816308	791.64	21559.317630685
791.73	2019.05176387	791.81	5610.147910557	791.78	10558.014327044	791.73	12883.391280411	791.86	16488.381174291	791.74	21573.979675615
791.83	2005.6751514	791.91	5592.881640777	791.88	10543.511707154	791.83	12872.403315181	791.96	16491.504640108	791.84	21547.347788415
791.93	2038.01904769	792.01	5611.315791667	791.98	10573.092233194	791.93	12897.330346911	792.06	16482.134029475	791.94	21610.683433355
792.03	2008.07470571	792.11	5597.315381867	792.08	10583.253318824	792.03	12885.105151601	792.16	16495.387838308	792.04	21569.195787885
792.13	2007.31559113	792.21	5587.662741247	792.18	10588.111072244	792.13	12898.265814001	792.26	16484.933030275	792.14	21520.365653615
792.23	2033.08162916	792.31	5591.186486667	792.28	10582.987023624	792.23	12877.680674661	792.36	16497.658583641	792.24	21590.516080155
792.33	2026.51064093	792.41	5629.500954617	792.38	10602.769999624	792.33	12887.867860861	792.46	16497.596629991	792.34	21558.235836685
792.43	2033.96663789	792.51	5638.616193157	792.48	10627.322880374	792.43	12879.426314601	792.56	16483.945923908	792.44	21615.673216285
792.53	2032.42259131	792.61	5647.221211977	792.58	10655.682484174	792.53	12893.381919051	792.66	16492.989925225	792.54	21604.655569215
792.63	2051.28005833	792.71	5657.749794687	792.68	10695.561033024	792.63	12892.530786631	792.76	16496.457782675	792.64	21609.075985085
792.73	2063.72044022	792.81	5680.293242467	792.78	10724.241388844	792.73	12895.154215311	792.86	16486.600947208	792.74	21592.235137485
792.83	2049.6229922	792.91	5690.029597047	792.88	10788.944245734	792.83	12906.811284501	792.96	16488.304969958	792.84	21639.422230955
792.93	2079.40145111	793.01	5726.723077937	792.98	10861.364860114	792.93	12916.883223661	793.06	16491.154242308	792.94	21584.413912685
793.03	2134.54949816	793.11	5770.338124667	793.08	10926.386561114	793.03	12932.621708401	793.16	16499.632151058	793.04	21524.754092285
793.13	2178.21008442	793.21	5798.164487777	793.18	11037.337735864	793.13	12951.838357161	793.26	16498.214251058	793.14	21621.591405885
793.23	2215.7782806	793.31	5871.470661487	793.28	11140.499459754	793.23	12951.611154631	793.36	16504.900152558	793.24	21580.786534815
793.33	2255.86337756	793.41	5931.866592017	793.38	11238.198088594	793.33	12969.191160411	793.46	16506.405423875	793.34	21534.838041085
793.43	2306.63529764	793.51	5992.450655507	793.48	11356.063015734	793.43	12984.242838331	793.56	16493.100399791	793.44	21564.932371085
793.53	2387.12484829	793.61	6061.896166217	793.58	11454.126544244	793.53	13022.143219111	793.66	16498.492367658	793.54	21555.015496955
793.63	2488.21167644	793.71	6132.162574937	793.68	11524.478941914	793.63	13041.446724801	793.76	16498.297446125	793.64	21552.839321885
793.73	2580.9137636	793.81	6197.678323647	793.78	11572.786280424	793.73	13068.866102861	793.86	16512.236301141	793.74	21576.842817085
793.83	2651.91279853	793.91	6248.816912577	793.88	11640.577449024	793.83	13109.828081501	793.96	16509.970239425	793.84	21565.774024415
793.93	2734.8914932	794.01	6285.740687757	793.98	11619.733407174	793.93	13142.592500861	794.06	16503.215874775	793.94	21529.937216285
794.03	2816.58900964	794.11	6289.435454997	794.08	11603.446873714	794.03	13166.163552331	794.16	16526.181638208	794.04	21536.116988285
794.13	2876.07595742	794.21	6304.034104847	794.18	11608.117427664	794.13	13186.052919961	794.26	16510.766285225	794.14	21583.915508685
794.23	2915.27497127	794.31	6290.901217417	794.28	11574.135529114	794.23	13192.157844511	794.36	16501.479367308	794.24	21547.096819615
794.33	2928.95051458	794.41	6287.896000337	794.38	11552.068384594	794.33	13194.472954611	794.46	16515.269768558	794.34	21533.767510955
794.43	2912.15104264	794.51	6265.839368907	794.48	11540.974811174	794.43	13178.645152161	794.56	16525.068879991	794.44	21500.045941085
794.53	2883.09350513	794.61	6250.293678937	794.58	11543.638436824	794.53	13168.597241311	794.66	16514.980919041	794.54	21553.831988015
794.63	2878.91725351	794.71	6249.596812797	794.68	11523.811668994	794.63	13164.124548681	794.76	16533.962038875	794.64	21626.552480815
794.73	2858.97373511	794.81	6245.563160357	794.78	11524.823341914	794.73	13162.534017451	794.86	16525.057660741	794.74	21580.989620155
794.83	2849.30044989	794.91	6229.761724487	794.88	11521.711927224	794.83	13150.273452031	794.96	16521.781323425	794.84	21550.969867615
794.93	2871.4231962	795.01	6253.136640777	794.98	11503.708334774	794.93	13138.603174181	795.06	16519.326399641	794.94	21576.067957755
795.03	2822.92616591	795.11	6259.289325177	795.08	11514.975473114	795.03	13164.533717751	795.16	16530.123888875	795.04	21516.075128155
795.13	2802.97257204	795.21	6252.896439957	795.18	11488.203835224	795.13	13163.697913731	795.26	16524.276666608	795.14	21537.599037215
795.23	2825.39881691	795.31	6219.893766217	795.28	11485.127718774	795.23	13148.632029431	795.36	16517.537449325	795.24	21612.591860685
795.33	2812.76091724	795.41	6200.702819447	795.38	11461.919557174	795.33	13144.923446231	795.46	16527.495482175	795.34	21604.373920285
795.43	2802.17179542	795.51	6212.128283907	795.48	11434.274091754	795.43	13143.421849811	795.56	16523.813863325	795.44	21549.001295485
795.53	2764.36581742	795.61	6219.560410867	795.58	11426.797050774	795.53	13139.713134951	795.66	16525.851899175	795.54	21584.167489085
795.63	2764.83091489	795.71	6189.712435197	795.68	11416.116690174	795.63	13141.937281151	795.76	16540.311092441	795.64	21519.763515485
795.73	2764.68666236	795.81	6166.956147447	795.78	11393.583433154	795.73	13142.881481211	795.86	16542.180945408	795.74	21518.315240955
795.83	2763.08213898	795.91	6179.852729267	795.88	11365.063098794	795.83	13145.610140981	795.96	16526.296761308	795.84	21522.436884685
795.93	2747.71456504	796.01	6167.944817137	795.98	11355.210098954	795.93	13147.170909461	796.06	16536.715142091	795.94	21540.658967885
796.03	2724.1629554	796.11	6162.036843067	796.08	11344.369049514	796.03	13131.713265901	796.16	16540.483734558	796.04	21536.105879085
796.13	2708.69097351	796.21	6142.844323757	796.18	11304.935507514	796.13	13124.448314961	796.26	16528.615402708	796.14	21548.777064685
796.23	2708.16634218	796.31	6130.062934287	796.28	11281.128793794	796.23	13119.370840451	796.36	16530.443080575	796.24	21529.807478955
796.33	2687.07725773	796.41	6116.393349357	796.38	11281.884880974	796.33	13107.074315781	796.46	16539.431836625	796.34	21576.077939615
796.43	2664.58505049	796.51	6102.074192507	796.48	11245.024665484	796.43	13102.317780481	796.56	16530.221794341	796.44	21553.984190955
796.53	2665.41228227	796.61	6073.502407417	796.58	11239.950070154	796.53	13106.034388401	796.66	16538.585219108	796.54	21590.785202155
796.63	2626.89998011	796.71	6078.131334307	796.68	11207.937663864	796.63	13104.867180961	796.76	16534.910479491	796.64	21568.589497755
796.73	2605.83134191	796.81	6054.001396397	796.78	11197.384502464	796.73	13079.510135151	796.86	16534.225265675	796.74	21566.118718285
796.83	2607.86073429	796.91	6035.348609777	796.88	11155.600331314	796.83	13073.551669901	796.96	16538.835613458	796.84	21571.870490955
796.93	2578.67986518	797.01	6028.998225487	796.98	11132.778593464	796.93	13070.988348631	797.06	16525.878048725	796.94	21553.106222955
797.03	2567.381147	797.11	6007.290139597	797.08	11100.140354624	797.03	13063.664784151	797.16	16542.996552091	797.04	21517.700552015
797.13	2537.49159862	797.21	6002.099614887	797.18	11092.158036754	797.13	13063.856521461	797.26	16541.195850441	797.14	21592.783956285
797.23	2535.00663824	797.31	5992.522631487	797.28	11069.229430394	797.23	13051.038580681	797.36	16527.495239175	797.24	21595.791836155
797.33	2504.1963846	797.41	5982.056852047	797.38	11065.831076264	797.33	13068.922221101	797.46	16532.268575225	797.34	21596.051512415
797.43	2481.22920691	797.51	5968.741570537	797.48	11065.118136084	797.43	13040.932629081	797.56	16527.941492558	797.44	21592.962670685
797.53	2455.05844473	797.61	5956.574182687	797.58	11068.669180934	797.53	13049.809513981	797.66	16528.979825891	797.54	21569.085736815
797.63	2444.90630453	797.71	5963.041708177	797.68	11047.964913514	797.63	13045.262363481	797.76	16540.380385108	797.64	21561.021858955
797.73	2460.6259842	797.81	5958.340239617	797.78	10982.539055114	797.73	13014.806816331	797.86	16532.420939691	797.74	21537.266769755
797.83	2436.07315604	797.91	5939.668553107	797.88	11015.755073624	797.83	13035.017085711	797.96	16532.881980241	797.84	21538.087663215
797.93	2434.75355358	798.01	5940.417419647	797.98	11015.800693684	797.93	13038.291099131	798.06	16526.179718175	797.94	21527.361213885
798.03	2424.10270211	798.11	5912.428294287	798.08	11003.656297374	798.03	13021.771270351	798.16	16522.301217391	798.04	21568.829483355
798.13	2397.57314898	798.21	5920.749543247	798.18	10993.392270044	798.13	13029.384345351	798.26	16518.741835258	798.14	21555.498178285
798.23	2388.73337327	798.31	5911.651546957	798.28	10994.192690194	798.23	13025.913879801	798.36	16529.112217125	798.24	21559.417576955
798.33	2385.13037129	798.41	5920.833621957	798.38	10967.788641514	798.33	13012.416796681	798.46	16526.767167325	798.34	21557.954060955
798.43	2368.4744798	798.51	5884.071125667	798.48	10964.295040484	798.43	13005.644196801	798.56	16517.863886841	798.44	21573.325176015
798.53	2370.05629078	798.61	5891.654664307	798.58	10968.551413224	798.53	13006.492586351	798.66	16514.917757575	798.54	21536.636796415
798.63	2384.30831902	798.71	5872.562032757	798.68	10983.043591714	798.63	13005.902859961	798.76	16528.158899075	798.64	21530.522057485
798.73	2371.25044164	798.81	5875.240291577	798.78	10983.875089914	798.73	13006.090912261	798.86	16524.514715691	798.74	21568.625314955
798.83	2363.8451238	798.91	5880.975357047	798.88	10982.190921064	798.83	13011.767739181	798.96	16514.879458608	798.84	21492.970641485
798.93	2351.39715351	799.01	5889.953638617	798.98	10974.796216574	798.93	13006.535770481	799.06	16526.022086408	798.94	21552.539795085
799.03	2361.21978869	799.11	5887.123398177	799.08	10952.847133974	799.03	12994.398373311	799.16	16509.933324825	799.04	21595.417964555
799.13	2341.58760858	799.21	5881.419727687	799.18	10940.118453714	799.13	12989.212520311	799.26	16517.866883875	799.14	21616.099719615
799.23	2350.28519478	799.31	5895.375067597	799.28	10949.476609064	799.23	13012.516209851	799.36	16529.688795708	799.24	21566.058041485
799.33	2365.37480142	799.41	5910.953604217	799.38	10957.072034534	799.33	13010.458320031	799.46	16530.966845058	799.34	21524.724443485
799.43	2362.07235704	799.51	5888.551581487	799.48	10958.754926684	799.43	12997.401008731	799.56	16531.399755875	799.44	21541.361948415
799.53	2331.92712398	799.61	5907.779501617	799.58	10961.321357684	799.53	13003.787439101	799.66	16527.630084591	799.54	21537.764609485
799.63	2370.90577578	799.71	5881.227981707	799.68	10964.615598844	799.63	13006.303744501	799.76	16517.680492425	799.64	21555.577706285
799.73	2371.74590276	799.81	5896.514544777	799.78	10962.583606334	799.73	12980.318889151	799.86	16512.061287791	799.74	21575.836259485
799.83	2371.95110682	799.91	5899.378603487	799.88	10954.994977264	799.83	13000.890254731	799.96	16520.750903075	799.84	21514.422330285
799.93	2346.34035878	800.01	5896.692606997	799.98	10961.454867024	799.93	12993.820375481	800.06	16530.634518341	799.94	21560.339670415
800.03	2351.37936389	800.11	5899.122105597	800.08	10974.676694114	800.03	13008.147840381	800.16	16533.691131841	800.04	21557.199472685
800.13	2365.21893436	800.21	5918.933272647	800.18	11008.410269024	800.13	13007.454107061	800.26	16524.453123875	800.14	21556.025502955
800.23	2391.0957396	800.31	5909.114006937	800.28	10997.195303954	800.23	12998.876273801	800.36	16513.946057725	800.24	21549.740869485
800.33	2388.17217982	800.41	5913.803942017	800.38	11023.544072734	800.33	13000.307895381	800.46	16514.742900591	800.34	21624.042228415
800.43	2378.71553822	800.51	5900.499456087	800.48	10999.442128224	800.43	12986.264530931	800.56	16512.697449225	800.44	21589.351411215
800.53	2400.76656209	800.61	5924.145235937	800.58	11031.050772114	800.53	13011.086925531	800.66	16529.238604875	800.54	21494.818520415
800.63	2422.68368507	800.71	5946.310780137	800.68	11034.956160134	800.63	13009.806286561	800.76	16526.282369058	800.64	21568.007143085
800.73	2409.39261418	800.81	5966.613475707	800.78	11044.214719244	800.73	13026.929734301	800.86	16526.481772125	800.74	21598.221246155
800.83	2408.99144831	800.91	5931.462046467	800.88	11004.990121884	800.83	13016.766904481	800.96	16518.965181075	800.84	21571.271977215
800.93	2392.2560962	801.01	5923.970894847	800.98	11030.616088734	800.93	13004.819137451	801.06	16531.917203208	800.94	21537.416783885
801.03	2387.08706091	801.11	5962.972600537	801.08	11071.412120864	801.03	13005.851441281	801.16	16527.228946141	801.04	21561.494785485
801.13	2421.85016644	801.21	5947.831574937	801.18	11075.108075424	801.13	13017.654153701	801.26	16534.192016108	801.14	21554.499827615
801.23	2433.18871776	801.31	5926.938331067	801.28	11072.159134974	801.23	13019.792110711	801.36	16515.111484041	801.24	21536.774987485
801.33	2440.01054718	801.41	5956.565653197	801.38	11063.023234064	801.33	13016.649723301	801.46	16507.501760441	801.34	21528.209494685
801.43	2452.61818573	801.51	5948.897712197	801.48	11055.989612174	801.43	13023.146461461	801.56	16523.655746408	801.44	21587.415503215
801.53	2428.65162627	801.61	5951.330924377	801.58	11099.456170484	801.53	13035.926918981	801.66	16528.846339291	801.54	21581.250154555
801.63	2449.98315102	801.71	5989.373692887	801.68	11101.832722914	801.63	13029.350913551	801.76	16526.903044475	801.64	21559.380712285
801.73	2437.86738013	801.81	5978.628364957	801.78	11064.077634844	801.73	13021.829936831	801.86	16535.709118125	801.74	21532.825518285
801.83	2411.71194624	801.91	5985.097059267	801.88	11098.664096664	801.83	13025.014551231	801.96	16525.418570625	801.84	21576.772779615
801.93	2458.27204173	802.01	5979.564216157	801.98	11084.877754714	801.93	13033.160315911	802.06	16529.896056941	801.94	21534.308353615
802.03	2472.24985707	802.11	5991.311408087	802.08	11130.683862174	802.03	13025.960275811	802.16	16524.056123008	802.04	21520.317232415
802.13	2464.05525676	802.21	6016.689445217	802.18	11104.286144354	802.13	13036.777293601	802.26	16521.677616141	802.14	21546.579852815
802.23	2464.80254518	802.31	6008.071264667	802.28	11114.270895484	802.23	13034.390826701	802.36	16529.354780308	802.24	21600.351502555
802.33	2456.33036838	802.41	5986.504790417	802.38	11121.815565914	802.33	13027.382186501	802.46	16536.771564875	802.34	21586.512152685
802.43	2474.39942764	802.51	5979.552560557	802.48	11141.826702774	802.43	13038.613743011	802.56	16537.099178108	802.44	21539.159184685
802.53	2492.20012311	802.61	5992.160833757	802.58	11150.874713934	802.53	13043.965276651	802.66	16531.779886725	802.54	21533.076968955
802.63	2502.03461604	802.71	5993.101167557	802.68	11167.050425684	802.63	13037.221830961	802.76	16523.553569158	802.64	21552.064072555
802.73	2501.47912949	802.81	6007.208126647	802.78	11156.401304714	802.73	13035.191665011	802.86	16528.025859075	802.74	21567.305504415
802.83	2505.29941247	802.91	6014.558314997	802.88	11152.997728754	802.83	13048.269228201	802.96	16534.222417958	802.84	21550.504312285
802.93	2493.31919982	803.01	6015.609931737	802.98	11107.047718774	802.93	13049.468853431	803.06	16523.340910108	802.94	21563.015308955
803.03	2521.61141282	803.11	6010.242287417	803.08	11141.454178284	803.03	13038.127432081	803.16	16517.496279341	803.04	21470.815616815
803.13	2500.79454033	803.21	6013.728402507	803.18	11160.228098264	803.13	13051.298495701	803.26	16521.912711541	803.14	21500.844072955
803.23	2500.98240396	803.31	5997.268476557	803.28	11157.861360114	803.23	13050.921375911	803.36	16513.094317958	803.24	21595.333322155
803.33	2517.29785827	803.41	6030.507338017	803.38	11172.296165044	803.33	13050.461808911	803.46	16515.161243791	803.34	21541.572044285
803.43	2512.62104187	803.51	6017.280731647	803.48	11158.473274534	803.43	13055.429056551	803.56	16512.548585891	803.44	21545.338619755
803.53	2505.8906008	803.61	6017.351589307	803.58	11147.636855714	803.53	13055.321492381	803.66	16520.733049341	803.54	21558.162756285
803.63	2521.34857193	803.71	6054.377931047	803.68	11180.673004064	803.63	13054.229222181	803.76	16524.968751875	803.64	21562.841415485
803.73	2526.3702682	803.81	6016.347507577	803.78	11186.136110884	803.73	13050.268405761	803.86	16525.688850291	803.74	21547.806243085
803.83	2532.25444264	803.91	6016.071670487	803.88	11173.809351644	803.83	13039.109859661	803.96	16519.616370391	803.84	21597.990667355
803.93	2531.95620122	804.01	6036.390923397	803.98	11175.176561134	803.93	13057.128987061	804.06	16527.164421791	803.94	21542.835497885
804.03	2552.46355793	804.11	6037.319802307	804.08	11174.264403974	804.03	13051.797084851	804.16	16524.627282208	804.04	21555.027027485
804.13	2551.66996807	804.21	6040.263883737	804.18	11186.611346024	804.13	13049.487015531	804.26	16517.133746291	804.14	21561.038119885
804.23	2515.92964962	804.31	6042.550504667	804.28	11187.993957974	804.23	13064.961464401	804.36	16515.345734258	804.24	21588.195607885
804.33	2538.44785124	804.41	6041.429244377	804.38	11184.413393484	804.33	13052.423508011	804.46	16523.404032741	804.34	21571.706573085
804.43	2526.70057004	804.51	6039.320451107	804.48	11193.936151754	804.43	13060.056538201	804.56	16514.963662225	804.44	21577.138989885
804.53	2522.90147611	804.61	6049.728880267	804.58	11157.782741594	804.53	13061.430108501	804.66	16521.974539191	804.54	21515.048165885
804.63	2532.20227093	804.71	6035.593107337	804.68	11160.702520884	804.63	13060.406456131	804.76	16522.842111441	804.64	21515.775691885
804.73	2540.67315771	804.81	6041.263219537	804.78	11183.563156934	804.73	13054.374852251	804.86	16523.213007008	804.74	21496.611383615
804.83	2558.05021453	804.91	6049.658336067	804.88	11214.528688174	804.83	13064.580117401	804.96	16527.110103858	804.84	21444.085888815
804.93	2546.84293207	805.01	6053.727805777	804.98	11182.759153134	804.93	13046.933941081	805.06	16520.691235108	804.94	21504.808651085
805.03	2551.52907482	805.11	6049.929804307	805.08	11170.109176514	805.03	13045.517753901	805.16	16510.595361441	805.04	21537.125362015
805.13	2549.27151982	805.21	6046.256570997	805.18	11160.304311374	805.13	13036.335649911	805.26	16500.164416675	805.14	21509.056483885
805.23	2537.98029896	805.31	6028.583334267	805.28	11164.474947554	805.23	13040.217584401	805.36	16507.537917108	805.24	21541.510091885
805.33	2543.73889724	805.41	6020.986808597	805.38	11185.303113354	805.33	13043.163050531	805.46	16505.701105375	805.34	21566.603598815
805.43	2552.26839731	805.51	6031.161108507	805.48	11183.166976954	805.43	13034.439788631	805.56	16509.894000741	805.44	21536.680934555
805.53	2530.09599169	805.61	6028.336080537	805.58	11166.086134914	805.53	13036.017245711	805.66	16508.362137025	805.54	21582.037762815
805.63	2518.95114142	805.71	6020.092579487	805.68	11134.639476714	805.63	13042.415961951	805.76	16512.898106758	805.64	21531.255347485
805.73	2532.44008158	805.81	6007.893396797	805.78	11153.538596954	805.73	13051.183301801	805.86	16519.081398491	805.74	21556.738242285
805.83	2537.6775272	805.91	6007.516474647	805.88	11179.870830174	805.83	13031.730806711	805.96	16510.247754508	805.84	21535.077728815
805.93	2540.22796142	806.01	6033.929532217	805.98	11160.820637354	805.93	13058.504882311	806.06	16495.465703375	805.94	21509.127704285
806.03	2513.86837533	806.11	6035.423776777	806.08	11157.308895244	806.03	13055.046854931	806.16	16509.608514275	806.04	21555.649482155
806.13	2502.42848218	806.21	6032.635643487	806.18	11162.954477644	806.13	13051.811324101	806.26	16505.573527508	806.14	21540.000919085
806.23	2499.16038389	806.31	6022.843995907	806.28	11161.510036714	806.23	13034.161680661	806.36	16526.793021175	806.24	21494.870921215
806.33	2500.58228867	806.41	6003.812049957	806.38	11141.146625464	806.33	13034.284856101	806.46	16525.771564258	806.34	21576.971883215
806.43	2484.18056087	806.51	6014.086552287	806.48	11125.280565734	806.43	13045.899951711	806.56	16508.117495058	806.44	21544.613337085
806.53	2496.97232998	806.61	6034.286870667	806.58	11129.790887424	806.53	13037.041673201	806.66	16506.826511958	806.54	21512.199632815
806.63	2502.57686524	806.71	6017.719283487	806.68	11126.627817244	806.63	13035.747244711	806.76	16514.188298491	806.64	21537.835376155
806.73	2496.28989689	806.81	6007.963160287	806.78	11145.299424194	806.73	13027.733747451	806.86	16518.204243741	806.74	21555.600675755
806.83	2485.38872053	806.91	6022.884751817	806.88	11147.296929374	806.83	13029.431332261	806.96	16517.051137708	806.84	21561.755408285
806.93	2486.63899382	807.01	6009.908304577	806.98	11155.915885084	806.93	13040.482209711	807.06	16507.378282391	806.94	21602.114762285
807.03	2508.68556131	807.11	6001.722877557	807.08	11131.424019354	807.03	13032.355188751	807.16	16506.089346275	807.04	21578.051197755
807.13	2482.9836632	807.21	5997.303175537	807.18	11134.809655334	807.13	13027.955160561	807.26	16504.038443208	807.14	21500.340329885
807.23	2484.35411384	807.31	5992.062124157	807.28	11138.666399864	807.23	13039.884013481	807.36	16511.418793058	807.24	21507.171004415
807.33	2496.91780267	807.41	5981.312314957	807.38	11130.004410554	807.33	13042.527873751	807.46	16507.389739591	807.34	21545.312104415
807.43	2496.14534509	807.51	6001.172379777	807.48	11095.473996044	807.43	13029.223378481	807.56	16502.540589541	807.44	21577.983586015
807.53	2481.73449729	807.61	6027.945398647	807.58	11133.881523884	807.53	13033.030580311	807.66	16512.451255991	807.54	21519.028618285
807.63	2480.8207392	807.71	6011.735949357	807.68	11132.309438714	807.63	13029.170631381	807.76	16495.569522508	807.64	21560.191171355
807.73	2491.7194132	807.81	5991.090957247	807.78	11117.419355934	807.73	13035.256661931	807.86	16491.718819225	807.74	21548.382116815
807.83	2463.10608547	807.91	5994.625673617	807.88	11136.824191974	807.83	13029.474767251	807.96	16510.972246941	807.84	21556.990290815
807.93	2462.53503782	808.01	6003.521677797	807.98	11121.267337594	807.93	13028.239490581	808.06	16517.274838808	807.94	21539.208065755
808.03	2473.10190602	808.11	5977.650139087	808.08	11124.790553514	808.03	13031.111002181	808.16	16517.331330375	808.04	21540.730612285
808.13	2476.74483413	808.21	5992.501545357	808.18	11108.012183824	808.13	13028.919370751	808.26	16500.756440825	808.14	21550.944622555
808.23	2475.2361806	808.31	5993.320702087	808.28	11129.097782994	808.23	13048.421268201	808.36	16493.883785041	808.24	21526.758502285
808.33	2491.29783551	808.41	5992.947852757	808.38	11140.485582864	808.33	13018.986321281	808.46	16502.331665441	808.34	21540.902144015
808.43	2468.74579353	808.51	5986.828571067	808.48	11135.891155554	808.43	13013.565132481	808.56	16496.231617058	808.44	21574.960654815
808.53	2463.31037922	808.61	5974.796480487	808.58	11118.395484314	808.53	13033.604545401	808.66	16499.347476308	808.54	21551.840274685
808.63	2499.62506276	808.71	5977.114700017	808.68	11139.703406934	808.63	13041.673367161	808.76	16510.384125541	808.64	21563.624807755
808.73	2476.36755364	808.81	6016.063619617	808.78	11121.632686824	808.73	13024.476172181	808.86	16512.823716641	808.74	21553.776331885
808.83	2469.36687089	808.91	6005.597544447	808.88	11129.423078154	808.83	13031.987399461	808.96	16510.543345691	808.84	21585.386205085
808.93	2459.10633016	809.01	5996.762696047	808.98	11123.398774444	808.93	13021.435837161	809.06	16497.729505358	808.94	21521.873269885
809.03	2488.70151162	809.11	6000.523215337	809.08	11127.339116444	809.03	13016.654447181	809.16	16500.433312958	809.04	21539.449591755
809.13	2499.94045738	809.21	6016.196109577	809.18	11137.961824134	809.13	13031.931524651	809.26	16508.783960658	809.14	21528.426241485
809.23	2487.86136918	809.31	6026.313858137	809.28	11143.849663354	809.23	13030.503273661	809.36	16500.054434358	809.24	21521.436057755
809.33	2504.31874267	809.41	6009.394024617	809.38	11129.429642334	809.33	13027.681088661	809.46	16500.797617925	809.34	21551.690268815
809.43	2487.50880529	809.51	6002.380424537	809.48	11106.432981394	809.43	13032.573429801	809.56	16508.249456908	809.44	21521.516498555
809.53	2466.24090522	809.61	6024.289818847	809.58	11093.566379084	809.53	13022.404156551	809.66	16510.248120425	809.54	21548.617189355
809.63	2465.95035267	809.71	6025.222420217	809.68	11133.674508574	809.63	13027.963340231	809.76	16509.078182108	809.64	21547.365147885
809.73	2476.07596076	809.81	6008.842922087	809.78	11136.400983534	809.73	13026.310607551	809.86	16503.434889525	809.74	21500.581379085
809.83	2503.24373618	809.91	6002.003341757	809.88	11106.745422884	809.83	13020.177476451	809.96	16498.711498891	809.84	21563.923875615
809.93	2485.771274	810.01	6003.091310467	809.98	11102.256126484	809.93	13021.671662901	810.06	16495.631047308	809.94	21496.019941485
810.03	2488.57872373	810.11	5990.320302137	810.08	11126.270823154	810.03	13016.583091131	810.16	16505.728650508	810.04	21528.404239215
810.13	2472.62515444	810.21	5991.387391647	810.18	11145.485254644	810.13	13024.927994211	810.26	16511.972630041	810.14	21578.160167485
810.23	2466.8319734	810.31	6010.514864247	810.28	11147.658309024	810.23	13031.711795861	810.36	16506.200023841	810.24	21531.076204015
810.33	2495.35832907	810.41	6014.372446997	810.38	11127.308465864	810.33	13025.188766881	810.46	16496.340705258	810.34	21522.399712155
810.43	2485.70195987	810.51	6020.072221577	810.48	11122.599912244	810.43	13019.112600811	810.56	16522.766156775	810.44	21503.641263215
810.53	2499.91124311	810.61	6029.820739447	810.58	11159.728239194	810.53	13038.352103081	810.66	16510.484110841	810.54	21548.973938015
810.63	2496.93047789	810.71	6010.389868507	810.68	11120.671542084	810.63	13042.444365681	810.76	16511.869122575	810.64	21499.748281755
810.73	2520.43107198	810.81	6001.236187487	810.78	11120.725839914	810.73	13029.211886881	810.86	16507.336967425	810.74	21528.126229755
810.83	2508.96168644	810.91	6008.185086397	810.88	11139.567243954	810.83	13026.324638751	810.96	16505.929265575	810.84	21524.119045085
810.93	2500.63719936	811.01	6009.152510137	810.98	11158.913807934	810.93	13037.092426101	811.06	16517.726606125	810.94	21577.693328415
811.03	2504.36850387	811.11	6032.091024487	811.08	11152.918042934	811.03	13032.599438461	811.16	16512.172532791	811.04	21543.105734285
811.13	2505.92905618	811.21	6024.443232377	811.18	11135.450961374	811.13	13026.990911601	811.26	16508.319282225	811.14	21526.378920555
811.23	2516.04443791	811.31	6015.135024267	811.28	11190.916419594	811.23	13036.339534811	811.36	16520.761935608		
811.33	2500.11405947	811.41	6026.949425537	811.38	11183.107714884	811.33	13026.328845681	811.46	16514.796145141		
811.43	2512.07214929	811.51	6026.908821907	811.48	11177.647682574	811.43	13029.319469751	811.56	16502.773794825		
811.53	2526.82049007	811.61	6024.322082357	811.58	11150.921638534	811.53	13050.297200811	811.66	16504.493295358		
811.63	2485.76643327	811.71	6022.258169267	811.68	11152.435369954	811.63	13029.163046361	811.76	16508.048806391		
811.73	2503.96819089	811.81	6028.249075417	811.78	11195.479796914	811.73	13050.808723731	811.86	16507.083279491		
811.83	2505.04231411	811.91	6052.050779737	811.88	11185.136157264	811.83	13044.374580561	811.96	16513.096606108		
811.93	2507.30937069	812.01	6047.575581577	811.98	11178.531117224	811.93	13038.703160501	812.06	16512.855303791		
812.03	2516.62995667	812.11	6026.746519357	812.08	11180.571783424	812.03	13031.207935531	812.16	16502.752469075		
812.13	2543.87841718	812.21	6018.961851887	812.18	11196.986520284	812.13	13055.640094231	812.26	16516.407050608		
812.23	2528.50182878	812.31	6033.977123667	812.28	11173.287453374	812.23	13038.377430011	812.36	16504.734503458		
812.33	2505.60114871					812.33	13030.782884981				
812.43	2546.88023876					812.43	13040.933631051				
