X	Z
µm	µm
0	-0.138
1.388	-0.154
2.776	-0.185
4.163	-0.14
5.551	-0.192
6.939	-0.181
8.327	-0.175
9.714	-0.153
11.102	-0.192
12.49	-0.171
13.878	-0.164
15.265	-0.167
16.653	-0.184
18.041	-0.17
19.429	-0.176
20.816	-0.197
22.204	-0.185
23.592	-0.172
24.98	-0.157
26.368	-0.219
27.755	-0.198
29.143	-0.193
30.531	-0.191
31.919	-0.175
33.306	-0.207
34.694	-0.185
36.082	-0.179
37.47	-0.167
38.857	-0.171
40.245	-0.196
41.633	-0.18
43.021	-0.194
44.408	-0.19
45.796	-0.189
47.184	-0.214
48.572	-0.209
49.959	-0.196
51.347	-0.183
52.735	-0.176
54.123	-0.196
55.511	-0.196
56.898	-0.19
58.286	-0.18
59.674	-0.185
61.062	-0.193
62.449	-0.172
63.837	-0.182
65.225	-0.188
66.613	-0.18
68	-0.177
69.388	-0.182
70.776	-0.19
72.164	-0.188
73.551	-0.178
74.939	-0.187
76.327	-0.203
77.715	-0.183
79.103	-0.177
80.49	-0.186
81.878	-0.187
83.266	-0.177
84.654	-0.188
86.041	-0.193
87.429	-0.18
88.817	-0.18
90.205	-0.155
91.592	-0.168
92.98	-0.187
94.368	-0.18
95.756	-0.152
97.143	-0.208
98.531	-0.135
99.919	-0.155
101.307	-0.166
102.695	-0.18
104.082	-0.163
105.47	-0.192
106.858	-0.193
108.246	-0.142
109.633	-0.163
111.021	-0.217
112.409	-0.172
113.797	-0.174
115.184	-0.172
116.572	-0.154
117.96	-0.165
119.348	-0.181
120.735	-0.184
122.123	-0.196
123.511	-0.187
124.899	-0.183
126.286	-0.207
127.674	-0.189
129.062	-0.171
130.45	-0.173
131.838	-0.192
133.225	-0.167
134.613	-0.192
136.001	-0.183
137.389	-0.184
138.776	-0.164
140.164	-0.161
141.552	-0.191
142.94	-0.177
144.327	-0.18
145.715	-0.186
147.103	-0.142
148.491	-0.169
149.878	-0.179
151.266	-0.178
152.654	-0.17
154.042	-0.172
155.43	-0.166
156.817	-0.174
158.205	-0.167
159.593	-0.16
160.981	-0.156
162.368	-0.169
163.756	-0.172
165.144	-0.174
166.532	-0.168
167.919	-0.168
169.307	-0.157
170.695	-0.157
172.083	-0.178
173.47	-0.17
174.858	-0.176
176.246	-0.176
177.634	-0.168
179.022	-0.199
180.409	-0.17
181.797	-0.149
183.185	-0.178
184.573	-0.181
185.96	-0.194
187.348	-0.168
188.736	-0.167
190.124	-0.171
191.511	-0.189
192.899	-0.179
194.287	-0.173
195.675	-0.157
197.062	-0.163
198.45	-0.183
199.838	-0.169
201.226	-0.173
202.613	-0.173
204.001	-0.171
205.389	-0.173
206.777	-0.181
208.165	-0.171
209.552	-0.161
210.94	-0.172
212.328	-0.159
213.716	-0.161
215.103	-0.181
216.491	-0.203
217.879	-0.185
219.267	-0.177
220.654	-0.181
222.042	-0.184
223.43	-0.183
224.818	-0.168
226.205	-0.159
227.593	-0.159
228.981	-0.197
230.369	-0.175
231.757	-0.162
233.144	-0.183
234.532	-0.164
235.92	-0.191
237.308	-0.16
238.695	-0.164
240.083	-0.18
241.471	-0.167
242.859	-0.191
244.246	-0.188
245.634	-0.18
247.022	-0.17
248.41	-0.184
249.797	-0.136
251.185	-0.187
252.573	-0.186
253.961	-0.19
255.349	-0.198
256.736	-0.16
258.124	-0.179
259.512	-0.166
260.9	-0.174
262.287	-0.16
263.675	-0.162
265.063	-0.172
266.451	-0.153
267.838	-0.145
269.226	-0.174
270.614	-0.166
272.002	-0.176
273.389	-0.168
274.777	-0.152
276.165	-0.156
277.553	-0.193
278.94	-0.134
280.328	-0.143
281.716	-0.164
283.104	-0.153
284.492	-0.18
285.879	-0.189
287.267	-0.176
288.655	-0.176
290.043	-0.174
291.43	-0.177
292.818	-0.157
294.206	-0.168
295.594	-0.133
296.981	-0.117
298.369	-0.138
299.757	-0.096
301.145	-0.127
302.532	-0.12
303.92	-0.091
305.308	-0.067
306.696	-0.114
308.084	-0.068
309.471	-0.06
310.859	-0.085
312.247	-0.024
313.635	0.016
315.022	-0.082
316.41	-0.081
317.798	-0.101
319.186	-0.039
320.573	0.055
321.961	0.056
323.349	0.08
324.737	0.006
326.124	-0.003
327.512	-0.087
328.9	-0.002
330.288	0.145
331.676	0.117
333.063	0.066
334.451	-0.161
335.839	0.076
337.227	0.2
338.614	0.138
340.002	0.037
341.39	0.337
342.778	0.035
344.165	-0.062
345.553	0.045
346.941	0.117
348.329	0.118
349.716	0.148
351.104	0.39
352.492	0.141
353.88	0.175
355.268	-0.19
356.655	-0.08
358.043	0.068
359.431	0.087
360.819	-0.009
362.206	0.191
363.594	0.168
364.982	-0.001
366.37	0.072
367.757	0.289
369.145	0.471
370.533	0.605
371.921	0.447
373.308	0.185
374.696	0.051
376.084	0.194
377.472	0.321
378.859	0.352
380.247	0.531
381.635	0.549
383.023	0.742
384.411	0.44
385.798	0.276
387.186	0.501
388.574	0.219
389.962	-0.019
391.349	0.14
392.737	0.094
394.125	0.649
395.513	0.369
396.9	0.184
398.288	0.35
399.676	0.091
401.064	0.362
402.451	0.235
403.839	0.225
405.227	0.311
406.615	0.294
408.003	0.056
409.39	0.027
410.778	0.153
412.166	0.088
413.554	0.106
414.941	-0.003
416.329	0.176
417.717	0.27
419.105	0.111
420.492	0.036
421.88	0.016
423.268	0.066
424.656	0.08
426.043	0.369
427.431	0.272
428.819	0.445
430.207	-0.017
431.595	0.085
432.982	0.003
434.37	0.076
435.758	0.504
437.146	0.149
438.533	0.083
439.921	0.187
441.309	0.272
442.697	0.397
444.084	0.161
445.472	0.327
446.86	0.434
448.248	0.387
449.635	0.245
451.023	0.394
452.411	0.196
453.799	0.153
455.186	0.195
456.574	0.056
457.962	-0.019
459.35	0.139
460.738	0.166
462.125	0.145
463.513	0.18
464.901	0.353
466.289	0.352
467.676	0.167
469.064	0.363
470.452	0.345
471.84	-0.012
473.227	-0.086
474.615	0.287
476.003	0.291
477.391	0.033
478.778	0.238
480.166	0.082
481.554	0.332
482.942	0.382
484.33	0.249
485.717	0.396
487.105	0.279
488.493	0.192
489.881	0.094
491.268	0.209
492.656	0.192
494.044	0.101
495.432	0.121
496.819	0.176
498.207	0.205
499.595	0.216
500.983	0.384
502.37	0.083
503.758	0.285
505.146	0.303
506.534	0.169
507.922	0.002
509.309	0.288
510.697	0.493
512.085	0.377
513.473	0.229
514.86	0.413
516.248	0.316
517.636	0.382
519.024	0.567
520.411	0.5
521.799	0.405
523.187	0.427
524.575	0.789
525.962	1.731
527.35	2.6
528.738	2.767
530.126	3.239
531.513	3.329
532.901	2.961
534.289	2.546
535.677	2.009
537.065	1.352
538.452	0.798
539.84	0.484
541.228	0.436
542.616	0.294
544.003	0.096
545.391	0.36
546.779	0.69
548.167	0.931
549.554	1.12
550.942	1.515
552.33	1.861
553.718	2.227
555.105	2.605
556.493	2.194
557.881	1.551
559.269	0.946
560.657	0.564
562.044	0.618
563.432	1.148
564.82	1.849
566.208	1.881
567.595	1.871
568.983	0.995
570.371	0.493
571.759	0.255
573.146	0.44
574.534	0.704
575.922	1.038
577.31	1.356
578.697	1.592
580.085	2.123
581.473	2.618
582.861	1.345
584.249	0.638
585.636	0.438
587.024	0.351
588.412	0.401
589.8	0.725
591.187	1.141
592.575	1.733
593.963	1.796
595.351	1.414
596.738	1.562
598.126	0.874
599.514	0.762
600.902	0.752
602.289	1.024
603.677	1.345
605.065	1.452
606.453	1.435
607.84	1.59
609.228	1.546
610.616	1.396
612.004	1.11
613.392	0.928
614.779	0.925
616.167	1.116
617.555	1.265
618.943	1.221
620.33	1.251
621.718	1.144
623.106	0.827
624.494	0.686
625.881	0.383
627.269	0.629
628.657	0.835
630.045	0.796
631.432	0.74
632.82	0.701
634.208	0.636
635.596	0.663
636.984	1.247
638.371	1.721
639.759	2.153
641.147	2.479
642.535	2.56
643.922	2.238
645.31	1.897
646.698	1.606
648.086	1.485
649.473	1.561
650.861	1.683
652.249	1.814
653.637	1.65
655.024	1.661
656.412	1.525
657.8	1.299
659.188	0.638
660.576	0.339
661.963	0.236
663.351	0.069
664.739	0.293
666.127	0.154
667.514	0.29
668.902	0.719
670.29	0.739
671.678	1.148
673.065	1.073
674.453	0.324
675.841	0.191
677.229	0.086
678.616	-0.009
680.004	0.265
681.392	0.54
682.78	0.24
684.167	0.384
685.555	0.253
686.943	0.266
688.331	0.34
689.719	0.537
691.106	0.236
692.494	0.457
693.882	0.874
695.27	1.373
696.657	1.957
698.045	2.261
699.433	2.046
700.821	1.686
702.208	1.248
703.596	0.862
704.984	0.704
706.372	0.788
707.759	1.047
709.147	1.425
710.535	1.431
711.923	0.886
713.311	0.662
714.698	0.438
716.086	0.485
717.474	0.462
718.862	0.377
720.249	0.178
721.637	-0.088
723.025	-0.224
724.413	-0.247
725.8	-0.183
727.188	0.102
728.576	-0.071
729.964	-0.07
731.351	0.01
732.739	-0.084
734.127	-0.057
735.515	-0.038
736.903	0.241
738.29	0.328
739.678	0.334
741.066	0.35
742.454	0.962
743.841	1.846
745.229	2.567
746.617	2.987
748.005	2.644
749.392	2.196
750.78	1.123
752.168	0.368
753.556	0.082
754.943	0.3
756.331	0.2
757.719	0.347
759.107	0.33
760.494	0.538
761.882	0.653
763.27	0.698
764.658	0.657
766.046	0.649
767.433	0.527
768.821	0.769
770.209	0.685
771.597	0.779
772.984	0.612
774.372	0.001
775.76	0.076
777.148	0.355
778.535	0.037
779.923	-0.242
781.311	-0.219
782.699	-0.183
784.086	-0.209
785.474	-0.206
786.862	-0.19
788.25	-0.157
789.638	0.195
791.025	0.295
792.413	0.248
793.801	0.146
795.189	-0.02
796.576	-0.161
797.964	-0.148
799.352	-0.059
800.74	0.003
802.127	0.133
803.515	0.119
804.903	0.087
806.291	0.193
807.678	0.41
809.066	0.319
810.454	0.224
811.842	0.719
813.23	0.624
814.617	0.497
816.005	-0.101
817.393	0.222
818.781	-0.009
820.168	-0.166
821.556	-0.258
822.944	-0.189
824.332	-0.097
825.719	0.128
827.107	0.112
828.495	0.221
829.883	0.264
831.27	0.276
832.658	0.416
834.046	0.316
835.434	0.396
836.821	0.451
838.209	0.589
839.597	0.758
840.985	0.901
842.373	0.389
843.76	0.003
845.148	-0.114
846.536	-0.056
847.924	0.393
849.311	0.284
850.699	0.297
852.087	0.107
853.475	-0.241
854.862	-0.175
856.25	-0.002
857.638	-0.167
859.026	-0.17
860.413	-0.145
861.801	0.091
863.189	-0.035
864.577	-0.016
865.965	-0.078
867.352	-0.128
868.74	0.17
870.128	-0.064
871.516	0.005
872.903	0.085
874.291	-0.205
875.679	-0.215
877.067	-0.206
878.454	-0.206
879.842	-0.197
881.23	-0.216
882.618	-0.337
884.005	0.056
885.393	0.167
886.781	0.357
888.169	0.2
889.557	-0.553
890.944	-0.3
892.332	-0.096
893.72	0.26
895.108	0.356
896.495	0.147
897.883	0.279
899.271	0.29
900.659	0.128
902.046	0.098
903.434	0.285
904.822	0.29
906.21	0.265
907.597	0.081
908.985	0.285
910.373	0.479
911.761	0.478
913.148	0.448
914.536	0.206
915.924	0.024
917.312	-0.053
918.7	0.029
920.087	0
921.475	0.062
922.863	0.047
924.251	0.092
925.638	-0.128
927.026	-0.051
928.414	0.186
929.802	0.229
931.189	-0.003
932.577	0.305
933.965	0.149
935.353	-0.015
936.74	-0.126
938.128	-0.157
939.516	0.033
940.904	-0.348
942.292	-0.113
943.679	-0.147
945.067	-0.084
946.455	0.054
947.843	0.539
949.23	0.387
950.618	-0.046
952.006	-0.183
953.394	-0.033
954.781	-0.018
956.169	0.084
957.557	0.455
958.945	0.649
960.332	0.262
961.72	-0.023
963.108	-0.296
964.496	-0.203
965.884	-0.033
967.271	-0.009
968.659	-0.107
970.047	0.283
971.435	0.158
972.822	0.299
974.21	0.063
975.598	0.129
976.986	0.345
978.373	0.485
979.761	0.343
981.149	0.094
982.537	0.023
983.924	0.174
985.312	0.507
986.7	0.59
988.088	0.583
989.476	0.47
990.863	0.318
992.251	0.239
993.639	0.17
995.027	0.006
996.414	0.238
997.802	0.507
999.19	0.502
1000.578	0.336
1001.965	0.163
1003.353	0
1004.741	-0.059
1006.129	-0.257
1007.516	-0.016
1008.904	0.139
1010.292	0.046
1011.68	-0.305
1013.067	-0.211
1014.455	0.076
1015.843	0.141
1017.231	-0.022
1018.619	0.052
1020.006	0.301
1021.394	0.343
1022.782	0.256
1024.17	0.289
1025.557	0.356
1026.945	0.321
1028.333	0.178
1029.721	0.228
1031.108	0.232
1032.496	0.198
1033.884	0.122
1035.272	0.038
1036.659	0.068
1038.047	0.178
1039.435	0.211
1040.823	-0.189
1042.211	-0.117
1043.598	0.099
1044.986	-0.004
1046.374	0.087
1047.762	0.807
1049.149	1.204
1050.537	1.224
1051.925	1.108
1053.313	0.865
1054.7	0.506
1056.088	0.122
1057.476	0.386
1058.864	0.439
1060.251	0.295
1061.639	0.297
1063.027	0.379
1064.415	0.501
1065.803	0.332
1067.19	-0.028
1068.578	0.076
1069.966	-0.02
1071.354	0.009
1072.741	-0.057
1074.129	-0.048
1075.517	-0.023
1076.905	0.178
1078.292	-0.063
1079.68	0.16
1081.068	0.108
1082.456	0.08
1083.843	0.059
1085.231	0.106
1086.619	-0.007
1088.007	0.271
1089.394	0.489
1090.782	0.353
1092.17	0.066
1093.558	0.251
1094.946	0.183
1096.333	0.025
1097.721	0.083
1099.109	0.383
1100.497	0.36
1101.884	0.594
1103.272	0.755
1104.66	0.161
1106.048	-0.215
1107.435	-0.164
1108.823	0.259
1110.211	-0.094
1111.599	-0.237
1112.986	-0.179
1114.374	-0.116
1115.762	0.048
1117.15	0.141
1118.538	0.006
1119.925	-0.013
1121.313	-0.009
1122.701	-0.008
1124.089	0.222
1125.476	0.186
1126.864	0.224
1128.252	0.069
1129.64	0.041
1131.027	0.144
1132.415	0.186
1133.803	0.141
1135.191	0.422
1136.578	0.396
1137.966	0.721
1139.354	0.766
1140.742	0.515
1142.13	0.441
1143.517	0.211
1144.905	0.29
1146.293	0.382
1147.681	0.11
1149.068	0.266
1150.456	0.03
1151.844	0.26
1153.232	0.477
1154.619	0.605
1156.007	0.608
1157.395	0.822
1158.783	1.086
1160.17	1.241
1161.558	0.966
1162.946	0.67
1164.334	0.477
1165.721	0.427
1167.109	0.543
1168.497	0.623
1169.885	0.616
1171.273	0.537
1172.66	0.374
1174.048	0.177
1175.436	-0.046
1176.824	0.009
1178.211	0.048
1179.599	0.156
1180.987	0.125
1182.375	-0.083
1183.762	-0.14
1185.15	-0.088
1186.538	-0.1
1187.926	0.062
1189.313	0.136
1190.701	0.259
1192.089	0.647
1193.477	0.335
1194.865	0.344
1196.252	0.398
1197.64	0.24
1199.028	0.356
1200.416	0.677
1201.803	0.796
1203.191	0.095
1204.579	-0.107
1205.967	-0.04
1207.354	0.065
1208.742	0.163
1210.13	0.229
1211.518	0.256
1212.905	0.148
1214.293	-0.089
1215.681	-0.207
1217.069	-0.081
1218.457	-0.019
1219.844	-0.071
1221.232	0.036
1222.62	0.012
1224.008	0.047
1225.395	-0.034
1226.783	0.438
1228.171	0.058
1229.559	0.264
1230.946	0.097
1232.334	0.207
1233.722	0.248
1235.11	0.278
1236.497	0.296
1237.885	0.539
1239.273	1.043
1240.661	1.713
1242.048	2.01
1243.436	1.982
1244.824	1.584
1246.212	1.111
1247.6	0.549
1248.987	0.296
1250.375	0.26
1251.763	0.03
1253.151	0.527
1254.538	0.596
1255.926	0.642
1257.314	0.795
1258.702	0.865
1260.089	0.771
1261.477	0.604
1262.865	0.37
1264.253	0.216
1265.64	0.035
1267.028	-0.004
1268.416	-0.021
1269.804	-0.061
1271.192	0.012
1272.579	0.292
1273.967	0.288
1275.355	0.467
1276.743	0.31
1278.13	0.205
1279.518	0.299
1280.906	0.432
1282.294	0.122
1283.681	0.235
1285.069	0.296
1286.457	0.226
1287.845	0.19
1289.232	0.085
1290.62	0.175
1292.008	0.136
1293.396	0.131
1294.784	0.256
1296.171	0.192
1297.559	0.289
1298.947	0.474
1300.335	0.612
1301.722	0.652
1303.11	0.614
1304.498	0.603
1305.886	0.656
1307.273	0.489
1308.661	0.889
1310.049	1.218
1311.437	1.498
1312.824	1.532
1314.212	1.164
1315.6	0.211
1316.988	0.101
1318.375	0.319
1319.763	0.398
1321.151	0.062
1322.539	-0.004
1323.927	0.118
1325.314	0.158
1326.702	0.373
1328.09	0.762
1329.478	1.398
1330.865	1.017
1332.253	0.858
1333.641	0.718
1335.029	0.506
1336.416	0.43
1337.804	1.23
1339.192	1.966
1340.58	2.626
1341.967	2.985
1343.355	2.965
1344.743	2.619
1346.131	2.368
1347.519	2.181
1348.906	1.838
1350.294	1.118
1351.682	0.24
1353.07	0.163
1354.457	0.562
1355.845	0.641
1357.233	0.956
1358.621	1.509
1360.008	1.646
1361.396	1.626
1362.784	1.398
1364.172	1.054
1365.559	0.907
1366.947	0.639
1368.335	0.504
1369.723	0.747
1371.111	0.536
1372.498	0.659
1373.886	0.695
1375.274	0.877
1376.662	1.286
1378.049	1.611
1379.437	1.698
1380.825	1.617
1382.213	1.59
1383.6	1.427
1384.988	1.28
1386.376	1.105
1387.764	0.919
1389.151	0.887
1390.539	1.136
1391.927	1.191
1393.315	1.144
1394.702	1.043
1396.09	0.935
1397.478	0.545
1398.866	0.42
1400.254	0.151
1401.641	0.761
1403.029	0.479
1404.417	0.463
1405.805	0.444
1407.192	0.403
1408.58	0.33
1409.968	0.283
1411.356	0.147
1412.743	0.241
1414.131	0.468
1415.519	0.397
1416.907	0.39
1418.294	0.386
1419.682	0.496
1421.07	0.268
1422.458	0.732
1423.846	0.796
1425.233	0.574
1426.621	1.056
1428.009	1.467
1429.397	1.737
1430.784	1.771
1432.172	1.787
1433.56	1.795
1434.948	1.76
1436.335	1.476
1437.723	1.078
1439.111	0.867
1440.499	0.958
1441.886	0.635
1443.274	0.675
1444.662	0.476
1446.05	0.413
1447.438	0.574
1448.825	0.525
1450.213	0.275
1451.601	0.68
1452.989	0.324
1454.376	0.48
1455.764	0.444
1457.152	0.731
1458.54	0.57
1459.927	0.089
1461.315	0.058
1462.703	0.226
1464.091	0.133
1465.478	0.192
1466.866	0.644
1468.254	0.599
1469.642	0.153
1471.029	0.397
1472.417	0.448
1473.805	0.777
1475.193	0.468
1476.581	0.518
1477.968	0.352
1479.356	0.323
1480.744	0.069
1482.132	0.334
1483.519	0.386
1484.907	0.401
1486.295	0.152
1487.683	0.105
1489.07	0.911
1490.458	0.367
1491.846	0.438
1493.234	0.403
1494.621	0.125
1496.009	0.29
1497.397	0.493
1498.785	0.392
1500.173	0.444
1501.56	0.285
1502.948	0.297
1504.336	0.535
1505.724	0.327
1507.111	0.19
1508.499	0.045
1509.887	-0.208
1511.275	-0.053
1512.662	0.459
1514.05	0.315
1515.438	0.169
1516.826	0.273
1518.213	0.282
1519.601	0.343
1520.989	0.416
1522.377	0.172
1523.765	0.317
1525.152	0.375
1526.54	0.127
1527.928	0.128
1529.316	0.161
1530.703	0.127
1532.091	0.381
1533.479	0.435
1534.867	0.395
1536.254	0.363
1537.642	0.544
1539.03	0.282
1540.418	0.467
1541.805	0.23
1543.193	0.373
1544.581	0.611
1545.969	0.625
1547.356	0.015
1548.744	-0.017
1550.132	0.044
1551.52	0.276
1552.908	0.368
1554.295	0.104
1555.683	0.259
1557.071	0.244
1558.459	0.374
1559.846	0.114
1561.234	-0.087
1562.622	0.01
1564.01	-0.129
1565.397	-0.006
1566.785	0.081
1568.173	0.445
1569.561	0.089
1570.948	0.023
1572.336	0.019
1573.724	0.134
1575.112	0.292
1576.5	0.533
1577.887	0.289
1579.275	0.27
1580.663	0.366
1582.051	-0.051
1583.438	0.06
1584.826	0.027
1586.214	0.154
1587.602	0.241
1588.989	0.555
1590.377	0.246
1591.765	0.403
1593.153	0.304
1594.54	0.055
1595.928	0.271
1597.316	0.065
1598.704	0.226
1600.092	-0.141
1601.479	-0.044
1602.867	0.183
1604.255	0.094
1605.643	0.342
1607.03	0.104
1608.418	0.14
1609.806	0.099
1611.194	-0.154
1612.581	-0.042
1613.969	-0.007
1615.357	0.332
1616.745	0.438
1618.132	0.342
1619.52	0.478
1620.908	0.143
1622.296	0.092
1623.683	-0.04
1625.071	0.439
1626.459	0.096
1627.847	0.059
1629.235	0.092
1630.622	0.203
1632.01	-0.063
1633.398	0.219
1634.786	0.478
1636.173	0.092
1637.561	0.058
1638.949	0.126
1640.337	0.095
1641.724	0.266
1643.112	0.149
1644.5	0.214
1645.888	0.389
1647.275	0.243
1648.663	0.202
1650.051	-0.068
1651.439	-0.021
1652.827	-0.039
1654.214	-0.161
1655.602	-0.003
1656.99	-0.033
1658.378	-0.047
1659.765	-0.061
1661.153	-0.134
1662.541	0.041
1663.929	0.007
1665.316	-0.041
1666.704	-0.051
1668.092	-0.178
1669.48	0.064
1670.867	-0.115
1672.255	-0.126
1673.643	-0.119
1675.031	-0.08
1676.419	-0.124
1677.806	-0.001
1679.194	-0.074
1680.582	-0.14
1681.97	-0.197
1683.357	-0.151
1684.745	-0.124
1686.133	-0.006
1687.521	-0.051
1688.908	-0.048
1690.296	-0.106
1691.684	-0.091
1693.072	-0.058
1694.459	-0.087
1695.847	-0.121
1697.235	-0.112
1698.623	-0.094
1700.011	-0.093
1701.398	-0.114
1702.786	-0.119
1704.174	-0.157
1705.562	-0.146
1706.949	-0.192
1708.337	-0.183
1709.725	-0.169
1711.113	-0.213
1712.5	-0.225
1713.888	-0.211
1715.276	-0.21
1716.664	-0.233
1718.051	-0.227
1719.439	-0.202
1720.827	-0.222
1722.215	-0.242
1723.602	-0.254
1724.99	-0.241
1726.378	-0.22
1727.766	-0.215
1729.154	-0.227
1730.541	-0.216
1731.929	-0.203
1733.317	-0.208
1734.705	-0.191
1736.092	-0.211
1737.48	-0.206
1738.868	-0.198
1740.256	-0.197
1741.643	-0.187
1743.031	-0.172
1744.419	-0.205
1745.807	-0.226
1747.194	-0.217
1748.582	-0.208
1749.97	-0.209
1751.358	-0.196
1752.746	-0.213
1754.133	-0.221
1755.521	-0.208
1756.909	-0.188
1758.297	-0.192
1759.684	-0.203
1761.072	-0.172
1762.46	-0.184
1763.848	-0.204
1765.235	-0.211
1766.623	-0.207
1768.011	-0.223
1769.399	-0.201
1770.786	-0.224
1772.174	-0.205
1773.562	-0.188
1774.95	-0.197
1776.338	-0.229
1777.725	-0.179
1779.113	-0.196
1780.501	-0.18
1781.889	-0.187
1783.276	-0.191
1784.664	-0.208
1786.052	-0.195
1787.44	-0.204
1788.827	-0.187
1790.215	-0.183
1791.603	-0.19
1792.991	-0.177
1794.378	-0.213
1795.766	-0.191
1797.154	-0.189
1798.542	-0.221
1799.929	-0.209
1801.317	-0.208
1802.705	-0.199
1804.093	-0.215
1805.481	-0.203
1806.868	-0.193
1808.256	-0.209
1809.644	-0.211
1811.032	-0.204
1812.419	-0.198
1813.807	-0.196
1815.195	-0.2
1816.583	-0.206
1817.97	-0.193
1819.358	-0.203
1820.746	-0.173
1822.134	-0.207
1823.521	-0.186
1824.909	-0.159
1826.297	-0.181
1827.685	-0.174
1829.073	-0.197
1830.46	-0.18
1831.848	-0.194
1833.236	-0.183
1834.624	-0.183
1836.011	-0.203
1837.399	-0.184
1838.787	-0.19
1840.175	-0.178
1841.562	-0.221
1842.95	-0.185
1844.338	-0.19
1845.726	-0.213
1847.113	-0.184
1848.501	-0.181
1849.889	-0.163
1851.277	-0.201
1852.665	-0.168
1854.052	-0.16
1855.44	-0.173
1856.828	-0.177
1858.216	-0.148
1859.603	-0.179
1860.991	-0.188
1862.379	-0.167
1863.767	-0.166
1865.154	-0.21
1866.542	-0.202
1867.93	-0.186
1869.318	-0.179
1870.705	-0.174
1872.093	-0.179
1873.481	-0.168
1874.869	-0.16
1876.256	-0.177
1877.644	-0.202
1879.032	-0.173
1880.42	-0.179
1881.808	-0.176
1883.195	-0.175
1884.583	-0.177
1885.971	-0.154
1887.359	-0.169
1888.746	-0.157
1890.134	-0.164
1891.522	-0.135
1892.91	-0.155
1894.297	-0.147
1895.685	-0.153
1897.073	-0.156
1898.461	-0.16
1899.848	-0.159
1901.236	-0.133
1902.624	-0.132
1904.012	-0.141
1905.4	-0.174
1906.787	-0.143
1908.175	-0.143
1909.563	-0.166
1910.951	-0.159
1912.338	-0.149
1913.726	-0.168
1915.114	-0.168
1916.502	-0.152
1917.889	-0.154
1919.277	-0.155
1920.665	-0.174
1922.053	-0.175
1923.44	-0.17
1924.828	-0.143
1926.216	-0.157
1927.604	-0.141
1928.992	-0.176
1930.379	-0.149
1931.767	-0.151
1933.155	-0.173
1934.543	-0.17
1935.93	-0.171
1937.318	-0.151
1938.706	-0.152
1940.094	-0.14
1941.481	-0.158
1942.869	-0.174
1944.257	-0.154
1945.645	-0.146
1947.032	-0.16
1948.42	-0.157
1949.808	-0.152
1951.196	-0.161
1952.583	-0.163
1953.971	-0.138
1955.359	-0.134
1956.747	-0.128
1958.135	-0.145
1959.522	-0.139
1960.91	-0.158
1962.298	-0.15
1963.686	-0.135
1965.073	-0.152
1966.461	-0.147
1967.849	-0.137
1969.237	-0.147
1970.624	-0.165
1972.012	-0.152
1973.4	-0.171
1974.788	-0.164
1976.175	-0.157
1977.563	-0.144
1978.951	-0.158
1980.339	-0.15
1981.727	-0.17
1983.114	-0.148
1984.502	-0.152
1985.89	-0.135
1987.278	-0.148
1988.665	-0.142
1990.053	-0.153
1991.441	-0.166
1992.829	-0.148
1994.216	-0.137
1995.604	-0.157
1996.992	-0.16
1998.38	-0.14
1999.767	-0.161
2001.155	-0.169
2002.543	-0.155
2003.931	-0.157
2005.319	-0.155
2006.706	-0.147
2008.094	-0.162
2009.482	-0.145
2010.87	-0.132
2012.257	-0.14
2013.645	-0.152
2015.033	-0.137