X	Z
µm	µm
0	-0.084
1.388	-0.071
2.777	-0.042
4.165	-0.053
5.553	-0.083
6.942	-0.062
8.33	-0.07
9.718	-0.048
11.107	-0.056
12.495	-0.077
13.883	-0.09
15.272	-0.078
16.66	-0.074
18.049	-0.082
19.437	-0.093
20.825	-0.076
22.214	-0.065
23.602	-0.095
24.99	-0.066
26.379	-0.039
27.767	-0.054
29.155	-0.078
30.544	-0.061
31.932	-0.054
33.32	-0.046
34.709	-0.039
36.097	-0.087
37.485	-0.071
38.874	-0.077
40.262	-0.083
41.65	-0.092
43.039	-0.041
44.427	-0.066
45.816	-0.08
47.204	-0.067
48.592	-0.079
49.981	-0.066
51.369	-0.086
52.757	-0.072
54.146	-0.088
55.534	-0.106
56.922	-0.099
58.311	-0.081
59.699	-0.07
61.087	-0.098
62.476	-0.096
63.864	-0.07
65.252	-0.104
66.641	-0.099
68.029	-0.098
69.417	-0.085
70.806	-0.093
72.194	-0.081
73.582	-0.091
74.971	-0.088
76.359	-0.091
77.748	-0.088
79.136	-0.093
80.524	-0.078
81.913	-0.107
83.301	-0.107
84.689	-0.1
86.078	-0.1
87.466	-0.099
88.854	-0.102
90.243	-0.089
91.631	-0.099
93.019	-0.099
94.408	-0.092
95.796	-0.087
97.184	-0.102
98.573	-0.094
99.961	-0.085
101.349	-0.08
102.738	-0.084
104.126	-0.084
105.515	-0.102
106.903	-0.09
108.291	-0.086
109.68	-0.077
111.068	-0.086
112.456	-0.086
113.845	-0.084
115.233	-0.085
116.621	-0.084
118.01	-0.09
119.398	-0.099
120.786	-0.075
122.175	-0.089
123.563	-0.085
124.951	-0.057
126.34	-0.067
127.728	-0.07
129.116	-0.113
130.505	-0.107
131.893	-0.069
133.281	-0.084
134.67	-0.085
136.058	-0.054
137.447	-0.082
138.835	-0.073
140.223	-0.083
141.612	-0.091
143	-0.062
144.388	-0.087
145.777	-0.106
147.165	-0.124
148.553	-0.138
149.942	-0.135
151.33	-0.131
152.718	-0.134
154.107	-0.117
155.495	-0.089
156.883	-0.076
158.272	-0.051
159.66	-0.041
161.048	-0.023
162.437	-0.001
163.825	-0.003
165.214	-0.005
166.602	0.009
167.99	-0.003
169.379	-0.005
170.767	-0.002
172.155	0.003
173.544	0.009
174.932	0.006
176.32	0.037
177.709	0.032
179.097	0.031
180.485	0.045
181.874	0.059
183.262	0.054
184.65	0.067
186.039	0.071
187.427	0.079
188.815	0.092
190.204	0.079
191.592	0.087
192.98	0.103
194.369	0.106
195.757	0.116
197.146	0.119
198.534	0.105
199.922	0.104
201.311	0.107
202.699	0.119
204.087	0.12
205.476	0.119
206.864	0.109
208.252	0.136
209.641	0.119
211.029	0.122
212.417	0.13
213.806	0.122
215.194	0.137
216.582	0.14
217.971	0.142
219.359	0.145
220.747	0.141
222.136	0.134
223.524	0.148
224.913	0.14
226.301	0.149
227.689	0.16
229.078	0.14
230.466	0.152
231.854	0.152
233.243	0.126
234.631	0.147
236.019	0.158
237.408	0.128
238.796	0.154
240.184	0.136
241.573	0.133
242.961	0.175
244.349	0.152
245.738	0.139
247.126	0.154
248.514	0.144
249.903	0.14
251.291	0.15
252.68	0.136
254.068	0.141
255.456	0.15
256.845	0.136
258.233	0.106
259.621	0.12
261.01	0.113
262.398	0.116
263.786	0.13
265.175	0.094
266.563	0.095
267.951	0.103
269.34	0.096
270.728	0.111
272.116	0.096
273.505	0.093
274.893	0.107
276.281	0.094
277.67	0.102
279.058	0.106
280.446	0.07
281.835	0.071
283.223	0.082
284.612	0.068
286	0.064
287.388	0.092
288.777	0.073
290.165	0.065
291.553	0.08
292.942	0.068
294.33	0.078
295.718	0.08
297.107	0.053
298.495	0.081
299.883	0.074
301.272	0.051
302.66	0.058
304.048	0.059
305.437	0.039
306.825	0.058
308.213	0.053
309.602	0.049
310.99	0.059
312.379	0.057
313.767	0.064
315.155	0.049
316.544	0.032
317.932	0.049
319.32	0.042
320.709	0.056
322.097	0.038
323.485	0.041
324.874	0.037
326.262	0.043
327.65	0.036
329.039	0.052
330.427	0.044
331.815	0.05
333.204	0.04
334.592	0.061
335.98	0.043
337.369	0.052
338.757	0.065
340.145	0.07
341.534	0.076
342.922	0.077
344.311	0.055
345.699	0.042
347.087	0.063
348.476	0.045
349.864	0.074
351.252	0.051
352.641	0.05
354.029	0.049
355.417	0.054
356.806	0.045
358.194	0.082
359.582	0.062
360.971	0.048
362.359	0.062
363.747	0.035
365.136	0.064
366.524	0.075
367.912	0.035
369.301	0.054
370.689	0.063
372.078	0.048
373.466	0.066
374.854	0.04
376.243	0.045
377.631	0.046
379.019	0.053
380.408	0.049
381.796	0.079
383.184	0.068
384.573	0.046
385.961	0.055
387.349	0.06
388.738	0.06
390.126	0.066
391.514	0.053
392.903	0.049
394.291	0.054
395.679	0.043
397.068	0.067
398.456	0.072
399.844	0.055
401.233	0.068
402.621	0.053
404.01	0.052
405.398	0.044
406.786	0.061
408.175	0.039
409.563	0.062
410.951	0.023
412.34	0.029
413.728	0.013
415.116	0.04
416.505	0.036
417.893	0.026
419.281	0.044
420.67	0.055
422.058	0.041
423.446	0.023
424.835	0.032
426.223	0.029
427.611	0.026
429	0.016
430.388	0.002
431.777	0.007
433.165	0.01
434.553	-0.024
435.942	0.035
437.33	0.02
438.718	0.004
440.107	0.027
441.495	0.012
442.883	0.024
444.272	0.003
445.66	0.018
447.048	0.03
448.437	0.005
449.825	-0.012
451.213	-0.001
452.602	-0.006
453.99	-0.006
455.378	-0.001
456.767	-0.008
458.155	0.005
459.543	-0.003
460.932	-0.018
462.32	0.012
463.709	-0.007
465.097	0.024
466.485	-0.005
467.874	-0.002
469.262	-0.019
470.65	-0.001
472.039	-0.01
473.427	0.011
474.815	-0.008
476.204	-0.016
477.592	-0.005
478.98	0.002
480.369	-0.016
481.757	-0.005
483.145	-0.014
484.534	-0.009
485.922	-0.015
487.31	-0.031
488.699	-0.026
490.087	-0.025
491.476	-0.023
492.864	-0.022
494.252	-0.033
495.641	-0.012
497.029	-0.036
498.417	-0.035
499.806	-0.041
501.194	-0.035
502.582	-0.041
503.971	-0.026
505.359	-0.046
506.747	-0.034
508.136	-0.035
509.524	-0.032
510.912	-0.024
512.301	-0.049
513.689	-0.027
515.077	-0.04
516.466	-0.043
517.854	-0.031
519.242	-0.071
520.631	-0.035
522.019	-0.065
523.408	-0.035
524.796	-0.046
526.184	-0.047
527.573	-0.041
528.961	-0.063
530.349	-0.068
531.738	-0.083
533.126	-0.049
534.514	-0.085
535.903	-0.066
537.291	-0.071
538.679	-0.058
540.068	-0.051
541.456	-0.085
542.844	-0.065
544.233	-0.071
545.621	-0.065
547.009	-0.061
548.398	-0.05
549.786	-0.066
551.175	-0.073
552.563	-0.068
553.951	-0.08
555.34	-0.062
556.728	-0.072
558.116	-0.056
559.505	-0.079
560.893	-0.082
562.281	-0.063
563.67	-0.063
565.058	-0.057
566.446	-0.082
567.835	-0.067
569.223	-0.074
570.611	-0.075
572	-0.07
573.388	-0.075
574.776	-0.091
576.165	-0.071
577.553	-0.089
578.941	-0.064
580.33	-0.051
581.718	-0.073
583.107	-0.063
584.495	-0.055
585.883	-0.09
587.272	-0.062
588.66	-0.062
590.048	-0.071
591.437	-0.054
592.825	-0.052
594.213	-0.063
595.602	-0.042
596.99	-0.046
598.378	-0.065
599.767	-0.045
601.155	-0.058
602.543	-0.075
603.932	-0.072
605.32	-0.047
606.708	-0.071
608.097	-0.066
609.485	-0.069
610.874	-0.075
612.262	-0.054
613.65	-0.056
615.039	-0.076
616.427	-0.062
617.815	-0.042
619.204	-0.071
620.592	-0.042
621.98	-0.055
623.369	-0.075
624.757	-0.036
626.145	-0.071
627.534	-0.072
628.922	-0.049
630.31	-0.078
631.699	-0.046
633.087	-0.071
634.475	-0.062
635.864	-0.06
637.252	-0.054
638.641	-0.047
640.029	-0.051
641.417	-0.082
642.806	-0.076
644.194	-0.054
645.582	-0.062
646.971	-0.078
648.359	-0.036
649.747	-0.049
651.136	-0.052
652.524	-0.048
653.912	-0.042
655.301	-0.054
656.689	-0.062
658.077	-0.039
659.466	-0.054
660.854	-0.068
662.242	-0.059
663.631	-0.057
665.019	-0.053
666.407	-0.047
667.796	-0.065
669.184	-0.07
670.573	-0.069
671.961	-0.042
673.349	-0.056
674.738	-0.045
676.126	-0.057
677.514	-0.065
678.903	-0.047
680.291	-0.05
681.679	-0.059
683.068	-0.041
684.456	-0.054
685.844	-0.053
687.233	-0.039
688.621	-0.061
690.009	-0.056
691.398	-0.04
692.786	-0.055
694.174	-0.042
695.563	-0.062
696.951	-0.071
698.34	-0.055
699.728	-0.038
701.116	-0.049
702.505	-0.045
703.893	-0.037
705.281	-0.056
706.67	-0.044
708.058	-0.066
709.446	-0.044
710.835	-0.053
712.223	-0.054
713.611	-0.043
715	-0.052
716.388	-0.055
717.776	-0.05
719.165	-0.042
720.553	-0.042
721.941	-0.042
723.33	-0.048
724.718	-0.057
726.106	-0.054
727.495	-0.037
728.883	-0.046
730.272	-0.055
731.66	-0.046
733.048	-0.073
734.437	-0.051
735.825	-0.042
737.213	-0.069
738.602	-0.048
739.99	-0.056
741.378	-0.048
742.767	-0.05
744.155	-0.039
745.543	-0.043
746.932	-0.04
748.32	-0.055
749.708	-0.037
751.097	-0.048
752.485	-0.062
753.873	-0.036
755.262	-0.054
756.65	-0.053
758.039	-0.063
759.427	-0.059
760.815	-0.053
762.204	-0.054
763.592	-0.068
764.98	-0.043
766.369	-0.058
767.757	-0.07
769.145	-0.057
770.534	-0.064
771.922	-0.049
773.31	-0.055
774.699	-0.056
776.087	-0.059
777.475	-0.065
778.864	-0.069
780.252	-0.052
781.64	-0.059
783.029	-0.06
784.417	-0.046
785.805	-0.056
787.194	-0.07
788.582	-0.06
789.971	-0.065
791.359	-0.064
792.747	-0.07
794.136	-0.057
795.524	-0.074
796.912	-0.05
798.301	-0.083
799.689	-0.059
801.077	-0.054
802.466	-0.088
803.854	-0.064
805.242	-0.072
806.631	-0.058
808.019	-0.071
809.407	-0.062
810.796	-0.076
812.184	-0.068
813.572	-0.056
814.961	-0.078
816.349	-0.061
817.738	-0.075
819.126	-0.059
820.514	-0.041
821.903	-0.06
823.291	-0.066
824.679	-0.074
826.068	-0.09
827.456	-0.072
828.844	-0.076
830.233	-0.082
831.621	-0.064
833.009	-0.069
834.398	-0.083
835.786	-0.086
837.174	-0.084
838.563	-0.107
839.951	-0.072
841.339	-0.107
842.728	-0.066
844.116	-0.085
845.504	-0.092
846.893	-0.064
848.281	-0.072
849.67	-0.07
851.058	-0.066
852.446	-0.075
853.835	-0.07
855.223	-0.084
856.611	-0.087
858	-0.081
859.388	-0.071
860.776	-0.073
862.165	-0.076
863.553	-0.082
864.941	-0.077
866.33	-0.086
867.718	-0.11
869.106	-0.082
870.495	-0.081
871.883	-0.103
873.271	-0.105
874.66	-0.084
876.048	-0.101
877.437	-0.093
878.825	-0.089
880.213	-0.087
881.602	-0.101
882.99	-0.093
884.378	-0.083
885.767	-0.069
887.155	-0.089
888.543	-0.091
889.932	-0.097
891.32	-0.093
892.708	-0.071
894.097	-0.075
895.485	-0.1
896.873	-0.069
898.262	-0.077
899.65	-0.075
901.038	-0.081
902.427	-0.087
903.815	-0.098
905.203	-0.07
906.592	-0.069
907.98	-0.075
909.369	-0.094
910.757	-0.085
912.145	-0.083
913.534	-0.087
914.922	-0.076
916.31	-0.077
917.699	-0.095
919.087	-0.085
920.475	-0.094
921.864	-0.086
923.252	-0.078
924.64	-0.085
926.029	-0.096
927.417	-0.093
928.805	-0.088
930.194	-0.089
931.582	-0.072
932.97	-0.094
934.359	-0.083
935.747	-0.08
937.136	-0.099
938.524	-0.092
939.912	-0.089
941.301	-0.1
942.689	-0.097
944.077	-0.097
945.466	-0.083
946.854	-0.083
948.242	-0.095
949.631	-0.083
951.019	-0.074
952.407	-0.087
953.796	-0.087
955.184	-0.079
956.572	-0.112
957.961	-0.099
959.349	-0.083
960.737	-0.088
962.126	-0.114
963.514	-0.097
964.902	-0.09
966.291	-0.092
967.679	-0.08
969.068	-0.107
970.456	-0.1
971.844	-0.094
973.233	-0.113
974.621	-0.105
976.009	-0.098
977.398	-0.096
978.786	-0.091
980.174	-0.099
981.563	-0.096
982.951	-0.107
984.339	-0.093
985.728	-0.104
987.116	-0.106
988.504	-0.104
989.893	-0.106
991.281	-0.091
992.669	-0.107
994.058	-0.119
995.446	-0.105
996.835	-0.111
998.223	-0.104
999.611	-0.104
1001	-0.095
1002.388	-0.111
1003.776	-0.101
1005.165	-0.082
1006.553	-0.096
1007.941	-0.087
1009.33	-0.1
1010.718	-0.113
1012.106	-0.092
1013.495	-0.1
1014.883	-0.094
1016.271	-0.099
1017.66	-0.093
1019.048	-0.089
1020.436	-0.098
1021.825	-0.074
1023.213	-0.088
1024.602	-0.077
1025.99	-0.075
1027.378	-0.097
1028.767	-0.088
1030.155	-0.098
1031.543	-0.084
1032.932	-0.095
1034.32	-0.097
1035.708	-0.089
1037.097	-0.102
1038.485	-0.1
1039.873	-0.091
1041.262	-0.116
1042.65	-0.111
1044.038	-0.086
1045.427	-0.09
1046.815	-0.096
1048.203	-0.079
1049.592	-0.101
1050.98	-0.094
1052.368	-0.093
1053.757	-0.091
1055.145	-0.098
1056.534	-0.088
1057.922	-0.092
1059.31	-0.095
1060.699	-0.093
1062.087	-0.092
1063.475	-0.087
1064.864	-0.089
1066.252	-0.09
1067.64	-0.086
1069.029	-0.073
1070.417	-0.071
1071.805	-0.065
1073.194	-0.072
1074.582	-0.067
1075.97	-0.064
1077.359	-0.081
1078.747	-0.087
1080.135	-0.073
1081.524	-0.069
1082.912	-0.062
1084.301	-0.059
1085.689	-0.086
1087.077	-0.067
1088.466	-0.044
1089.854	-0.064
1091.242	-0.054
1092.631	-0.06
1094.019	-0.064
1095.407	-0.051
1096.796	-0.06
1098.184	-0.071
1099.572	-0.062
1100.961	-0.068
1102.349	-0.087
1103.737	-0.071
1105.126	-0.065
1106.514	-0.071
1107.902	-0.064
1109.291	-0.074
1110.679	-0.069
1112.067	-0.056
1113.456	-0.058
1114.844	-0.056
1116.233	-0.036
1117.621	-0.032
1119.009	-0.051
1120.398	-0.075
1121.786	-0.047
1123.174	-0.037
1124.563	-0.049
1125.951	-0.042
1127.339	-0.065
1128.728	-0.058
1130.116	-0.062
1131.504	-0.064
1132.893	-0.06
1134.281	-0.042
1135.669	-0.046
1137.058	-0.051
1138.446	-0.063
1139.834	-0.043
1141.223	-0.039
1142.611	-0.053
1144	-0.047
1145.388	-0.06
1146.776	-0.037
1148.165	-0.04
1149.553	-0.047
1150.941	-0.042
1152.33	-0.06
1153.718	-0.06
1155.106	-0.053
1156.495	-0.063
1157.883	-0.05
1159.271	-0.055
1160.66	-0.049
1162.048	-0.055
1163.436	-0.052
1164.825	-0.06
1166.213	-0.06
1167.601	-0.056
1168.99	-0.072
1170.378	-0.068
1171.766	-0.058
1173.155	-0.064
1174.543	-0.058
1175.932	-0.052
1177.32	-0.046
1178.708	-0.054
1180.097	-0.054
1181.485	-0.044
1182.873	-0.04
1184.262	-0.058
1185.65	-0.055
1187.038	-0.042
1188.427	-0.056
1189.815	-0.042
1191.203	-0.043
1192.592	-0.055
1193.98	-0.039
1195.368	-0.028
1196.757	-0.051
1198.145	-0.044
1199.533	-0.034
1200.922	-0.041
1202.31	-0.047
1203.699	-0.037
1205.087	-0.054
1206.475	-0.045
1207.864	-0.054
1209.252	-0.049
1210.64	-0.053
1212.029	-0.042
1213.417	-0.048
1214.805	-0.054
1216.194	-0.058
1217.582	-0.039
1218.97	-0.041
1220.359	-0.007
1221.747	-0.028
1223.135	-0.052
1224.524	-0.043
1225.912	-0.02
1227.3	-0.038
1228.689	-0.03
1230.077	-0.052
1231.465	-0.043
1232.854	-0.035
1234.242	-0.036
1235.631	-0.042
1237.019	-0.023
1238.407	-0.027
1239.796	-0.045
1241.184	-0.025
1242.572	-0.039
1243.961	-0.035
1245.349	-0.034
1246.737	-0.044
1248.126	-0.034
1249.514	-0.043
1250.902	-0.031
1252.291	-0.011
1253.679	-0.038
1255.067	-0.038
1256.456	-0.027
1257.844	-0.018
1259.232	-0.02
1260.621	-0.02
1262.009	-0.026
1263.398	-0.034
1264.786	-0.021
1266.174	-0.032
1267.563	-0.034
1268.951	-0.032
1270.339	-0.029
1271.728	-0.039
1273.116	-0.052
1274.504	-0.058
1275.893	-0.051
1277.281	-0.039
1278.669	-0.036
1280.058	-0.051
1281.446	-0.037
1282.834	-0.04
1284.223	-0.042
1285.611	-0.046
1286.999	-0.047
1288.388	-0.054
1289.776	-0.045
1291.164	-0.036
1292.553	-0.052
1293.941	-0.045
1295.33	-0.056
1296.718	-0.066
1298.106	-0.055
1299.495	-0.043
1300.883	-0.048
1302.271	-0.033
1303.66	-0.031
1305.048	-0.042
1306.436	-0.035
1307.825	-0.029
1309.213	-0.041
1310.601	-0.026
1311.99	-0.035
1313.378	-0.043
1314.766	-0.032
1316.155	-0.041
1317.543	-0.014
1318.931	-0.012
1320.32	-0.016
1321.708	-0.013
1323.097	-0.016
1324.485	0.008
1325.873	-0.016
1327.262	-0.02
1328.65	-0.002
1330.038	-0.006
1331.427	-0.017
1332.815	-0.036
1334.203	-0.017
1335.592	-0.025
1336.98	-0.028
1338.368	-0.027
1339.757	-0.028
1341.145	-0.013
1342.533	-0.023
1343.922	-0.035
1345.31	-0.038
1346.698	-0.039
1348.087	-0.037
1349.475	-0.038
1350.863	-0.043
1352.252	-0.036
1353.64	-0.022
1355.029	-0.029
1356.417	-0.035
1357.805	-0.028
1359.194	-0.027
1360.582	-0.022
1361.97	-0.027
1363.359	-0.033
1364.747	-0.015
1366.135	-0.004
1367.524	-0.026
1368.912	-0.015
1370.3	-0.021
1371.689	-0.003
1373.077	0
1374.465	-0.01
1375.854	-0.011
1377.242	0.001
1378.63	-0.01
1380.019	-0.011
1381.407	-0.013
1382.796	-0.018
1384.184	-0.012
1385.572	-0.011
1386.961	-0.021
1388.349	-0.02
1389.737	-0.008
1391.126	-0.023
1392.514	-0.028
1393.902	-0.027
1395.291	-0.031
1396.679	-0.02
1398.067	-0.016
1399.456	-0.013
1400.844	-0.009
1402.232	0
1403.621	-0.01
1405.009	-0.008
1406.397	-0.01
1407.786	0.007
1409.174	0.011
1410.562	0.005
1411.951	0.007
1413.339	0.026
1414.728	0.003
1416.116	-0.013
1417.504	0.007
1418.893	-0.014
1420.281	-0.024
1421.669	-0.016
1423.058	0.012
1424.446	0.002
1425.834	0.021
1427.223	-0.013
1428.611	0.005
1429.999	-0.013
1431.388	-0.005
1432.776	0.006
1434.164	0.005
1435.553	0.001
1436.941	-0.009
1438.329	0.006
1439.718	0.003
1441.106	-0.005
1442.495	0
1443.883	0.016
1445.271	0.007
1446.66	0.004
1448.048	0
1449.436	0.011
1450.825	0.019
1452.213	0.012
1453.601	0.004
1454.99	-0.018
1456.378	0.004
1457.766	0.02
1459.155	-0.01
1460.543	0.011
1461.931	0.021
1463.32	-0.001
1464.708	0.003
1466.096	0.006
1467.485	0.008
1468.873	0.014
1470.262	0.024
1471.65	0.003
1473.038	0.001
1474.427	0.01
1475.815	-0.001
1477.203	0
1478.592	0.001
1479.98	0.012
1481.368	0.009
1482.757	-0.003
1484.145	0.006
1485.533	0.002
1486.922	0.01
1488.31	0.021
1489.698	0.01
1491.087	0.002
1492.475	0.005
1493.863	0.001
1495.252	0.02
1496.64	0.017
1498.028	0.013
1499.417	0.018
1500.805	0.021
1502.194	0.009
1503.582	-0.001
1504.97	0.016
1506.359	0.008
1507.747	0.014
1509.135	0.014
1510.524	0.008
1511.912	0.004
1513.3	0.017
1514.689	0.008
1516.077	0.003
1517.465	0.013
1518.854	0.029
1520.242	0.031
1521.63	0.008
1523.019	0.008
1524.407	0.017
1525.795	0.016
1527.184	0.018
1528.572	0.03
1529.961	0.007
1531.349	0.018
1532.737	0.028
1534.126	0.022
1535.514	0.027
1536.902	0.037
1538.291	0.018
1539.679	0.027
1541.067	0.03
1542.456	0.026
1543.844	0.022
1545.232	0.02
1546.621	0.017
1548.009	0.042
1549.397	0.044
1550.786	0.042
1552.174	0.057
1553.562	0.039
1554.951	0.041
1556.339	0.047
1557.727	0.048
1559.116	0.058
1560.504	0.067
1561.893	0.079
1563.281	0.082
1564.669	0.078
1566.058	0.08
1567.446	0.093
1568.834	0.097
1570.223	0.094
1571.611	0.089
1572.999	0.087
1574.388	0.105
1575.776	0.106
1577.164	0.105
1578.553	0.106
1579.941	0.103
1581.329	0.12
1582.718	0.126
1584.106	0.103
1585.494	0.113
1586.883	0.138
1588.271	0.128
1589.66	0.123
1591.048	0.114
1592.436	0.119
1593.825	0.139
1595.213	0.127
1596.601	0.123
1597.99	0.13
1599.378	0.133
1600.766	0.127
1602.155	0.134
1603.543	0.14
1604.931	0.138
1606.32	0.142
1607.708	0.135
1609.096	0.119
1610.485	0.125
1611.873	0.129
1613.261	0.132
1614.65	0.141
1616.038	0.149
1617.426	0.148
1618.815	0.132
1620.203	0.146
1621.592	0.142
1622.98	0.13
1624.368	0.15
1625.757	0.148
1627.145	0.135
1628.533	0.148
1629.922	0.149
1631.31	0.139
1632.698	0.13
1634.087	0.135
1635.475	0.132
1636.863	0.137
1638.252	0.148
1639.64	0.144
1641.028	0.146
1642.417	0.139
1643.805	0.159
1645.193	0.177
1646.582	0.171
1647.97	0.173
1649.359	0.177
1650.747	0.179
1652.135	0.181
1653.524	0.166
1654.912	0.161
1656.3	0.153
1657.689	0.147
1659.077	0.146
1660.465	0.14
1661.854	0.131
1663.242	0.141
1664.63	0.148
1666.019	0.137
1667.407	0.139
1668.795	0.131
1670.184	0.113
1671.572	0.116
1672.96	0.114
1674.349	0.096
1675.737	0.077
1677.125	0.065
1678.514	0.062
1679.902	0.05
1681.291	0.049
1682.679	0.048
1684.067	0.051
1685.456	0.08
1686.844	0.1
1688.232	0.111
1689.621	0.126
1691.009	0.105
1692.397	0.065
1693.786	0.028
1695.174	-0.029
1696.562	-0.067
1697.951	-0.086
1699.339	-0.073
1700.727	-0.041
1702.116	-0.047
1703.504	-0.064
1704.892	-0.069
1706.281	-0.062
1707.669	-0.061
1709.058	-0.081
1710.446	-0.085
1711.834	-0.081
1713.223	-0.085
1714.611	-0.081
1715.999	-0.097
1717.388	-0.1
1718.776	-0.095
1720.164	-0.088
1721.553	-0.093
1722.941	-0.105
1724.329	-0.1
1725.718	-0.108
1727.106	-0.093
1728.494	-0.089
1729.883	-0.082
1731.271	-0.086
1732.659	-0.078
1734.048	-0.061
1735.436	-0.061
1736.824	-0.062
1738.213	-0.08
1739.601	-0.085
1740.99	-0.071
1742.378	-0.079
1743.766	-0.087
1745.155	-0.077
1746.543	-0.071
1747.931	-0.071
1749.32	-0.091
1750.708	-0.099
1752.096	-0.078
1753.485	-0.072
1754.873	-0.082
1756.261	-0.083
1757.65	-0.089
1759.038	-0.082
1760.426	-0.075
1761.815	-0.076
1763.203	-0.073
1764.591	-0.09
1765.98	-0.097
1767.368	-0.076
1768.757	-0.084
1770.145	-0.095
1771.533	-0.079
1772.922	-0.083
1774.31	-0.088
1775.698	-0.086
1777.087	-0.091
1778.475	-0.096
1779.863	-0.097
1781.252	-0.101
1782.64	-0.106
1784.028	-0.105
1785.417	-0.099
1786.805	-0.092
1788.193	-0.091
1789.582	-0.089
1790.97	-0.085
1792.358	-0.093
1793.747	-0.09
1795.135	-0.07
1796.523	-0.073
1797.912	-0.089
1799.3	-0.086
1800.689	-0.079
1802.077	-0.09
1803.465	-0.093
1804.854	-0.087
1806.242	-0.094
1807.63	-0.094
1809.019	-0.072
1810.407	-0.08
1811.795	-0.086
1813.184	-0.077
1814.572	-0.074
1815.96	-0.08
1817.349	-0.09
1818.737	-0.09
1820.125	-0.08
1821.514	-0.062
1822.902	-0.064
1824.29	-0.076
1825.679	-0.06
1827.067	-0.052
1828.456	-0.058
1829.844	-0.056
1831.232	-0.05