X	Z
µm	µm
0	-0.108
1.387	-0.091
2.775	-0.12
4.162	-0.134
5.55	-0.146
6.937	-0.117
8.324	-0.088
9.712	-0.125
11.099	-0.125
12.487	-0.105
13.874	-0.126
15.261	-0.121
16.649	-0.134
18.036	-0.128
19.424	-0.123
20.811	-0.146
22.198	-0.159
23.586	-0.156
24.973	-0.121
26.361	-0.143
27.748	-0.149
29.136	-0.148
30.523	-0.138
31.91	-0.133
33.298	-0.14
34.685	-0.136
36.073	-0.127
37.46	-0.12
38.847	-0.139
40.235	-0.163
41.622	-0.152
43.01	-0.16
44.397	-0.14
45.784	-0.131
47.172	-0.134
48.559	-0.127
49.947	-0.123
51.334	-0.145
52.721	-0.16
54.109	-0.137
55.496	-0.152
56.884	-0.15
58.271	-0.154
59.658	-0.166
61.046	-0.167
62.433	-0.135
63.821	-0.144
65.208	-0.15
66.595	-0.151
67.983	-0.143
69.37	-0.147
70.758	-0.155
72.145	-0.131
73.532	-0.131
74.92	-0.154
76.307	-0.159
77.695	-0.143
79.082	-0.15
80.469	-0.146
81.857	-0.133
83.244	-0.124
84.632	-0.132
86.019	-0.174
87.407	-0.17
88.794	-0.151
90.181	-0.189
91.569	-0.15
92.956	-0.142
94.344	-0.163
95.731	-0.179
97.118	-0.165
98.506	-0.181
99.893	-0.178
101.281	-0.166
102.668	-0.153
104.055	-0.187
105.443	-0.15
106.83	-0.139
108.218	-0.163
109.605	-0.181
110.992	-0.21
112.38	-0.224
113.767	-0.191
115.155	-0.126
116.542	-0.133
117.929	-0.14
119.317	-0.142
120.704	-0.163
122.092	-0.12
123.479	-0.127
124.866	-0.117
126.254	-0.067
127.641	-0.104
129.029	-0.075
130.416	-0.085
131.803	-0.093
133.191	-0.107
134.578	-0.098
135.966	-0.1
137.353	-0.099
138.74	-0.088
140.128	-0.074
141.515	-0.097
142.903	-0.074
144.29	-0.076
145.678	-0.087
147.065	-0.06
148.452	-0.06
149.84	-0.079
151.227	-0.096
152.615	-0.082
154.002	-0.051
155.389	-0.062
156.777	-0.057
158.164	-0.059
159.552	-0.072
160.939	-0.059
162.326	-0.055
163.714	-0.081
165.101	-0.092
166.489	-0.081
167.876	-0.077
169.263	-0.034
170.651	-0.088
172.038	-0.091
173.426	-0.054
174.813	-0.044
176.2	-0.035
177.588	-0.049
178.975	-0.034
180.363	-0.059
181.75	-0.02
183.137	0.078
184.525	-0.053
185.912	-0.016
187.3	-0.023
188.687	-0.042
190.074	-0.057
191.462	-0.003
192.849	0.017
194.237	0.02
195.624	-0.023
197.011	-0.05
198.399	-0.07
199.786	-0.032
201.174	-0.069
202.561	-0.043
203.949	-0.016
205.336	-0.055
206.723	-0.048
208.111	-0.033
209.498	-0.095
210.886	-0.041
212.273	-0.066
213.66	-0.023
215.048	-0.024
216.435	-0.039
217.823	-0.015
219.21	-0.015
220.597	0.173
221.985	0.209
223.372	0.049
224.76	0.033
226.147	0.034
227.534	-0.037
228.922	-0.083
230.309	-0.049
231.697	0.091
233.084	0.145
234.471	0.265
235.859	0.185
237.246	0.13
238.634	-0.058
240.021	-0.026
241.408	0.031
242.796	-0.035
244.183	-0.034
245.571	-0.036
246.958	-0.061
248.345	0.03
249.733	0.305
251.12	-0.054
252.508	0.023
253.895	0.165
255.283	0.206
256.67	0.102
258.057	0.289
259.445	-0.038
260.832	0.161
262.22	0.199
263.607	0.064
264.994	0.101
266.382	0.175
267.769	0.378
269.157	0.282
270.544	-0.072
271.931	-0.039
273.319	0.257
274.706	0.272
276.094	0.312
277.481	0.332
278.868	0.301
280.256	0.281
281.643	0.291
283.031	0.323
284.418	0.45
285.805	0.464
287.193	0.48
288.58	0.502
289.968	0.608
291.355	0.647
292.742	0.429
294.13	0.494
295.517	0.41
296.905	0.5
298.292	0.448
299.679	0.468
301.067	0.73
302.454	0.827
303.842	0.619
305.229	0.489
306.616	0.467
308.004	0.35
309.391	0.585
310.779	0.511
312.166	0.306
313.554	0.251
314.941	0.198
316.328	0.15
317.716	0.192
319.103	0.426
320.491	0.319
321.878	0.424
323.265	0.525
324.653	0.759
326.04	0.715
327.428	0.399
328.815	0.629
330.202	0.852
331.59	0.873
332.977	0.807
334.365	0.572
335.752	0.508
337.139	0.645
338.527	0.642
339.914	0.511
341.302	0.381
342.689	0.378
344.076	0.395
345.464	0.29
346.851	0.257
348.239	0.289
349.626	0.309
351.013	0.263
352.401	0.39
353.788	0.436
355.176	0.376
356.563	0.424
357.95	0.63
359.338	0.487
360.725	0.409
362.113	0.264
363.5	0.167
364.887	0.294
366.275	0.35
367.662	0.405
369.05	0.544
370.437	0.744
371.825	0.937
373.212	1.112
374.599	0.966
375.987	0.676
377.374	0.579
378.762	0.55
380.149	0.572
381.536	0.57
382.924	0.412
384.311	0.289
385.699	0.207
387.086	0.21
388.473	0.287
389.861	0.436
391.248	0.411
392.636	0.359
394.023	0.383
395.41	0.442
396.798	0.391
398.185	0.449
399.573	0.78
400.96	1.057
402.347	1.176
403.735	1.026
405.122	0.797
406.51	0.447
407.897	0.176
409.284	0.377
410.672	0.47
412.059	0.116
413.447	0.272
414.834	0.557
416.221	0.707
417.609	0.786
418.996	0.408
420.384	0.162
421.771	0.248
423.158	0.529
424.546	0.522
425.933	0.456
427.321	0.532
428.708	0.231
430.096	0.26
431.483	0.315
432.87	0.314
434.258	0.278
435.645	0.236
437.033	0.144
438.42	0.356
439.807	0.4
441.195	0.38
442.582	0.402
443.97	0.513
445.357	0.613
446.744	0.522
448.132	0.116
449.519	0.354
450.907	0.568
452.294	0.656
453.681	0.586
455.069	0.557
456.456	0.292
457.844	0.108
459.231	0.143
460.618	0.253
462.006	0.228
463.393	0.135
464.781	0.367
466.168	0.364
467.555	0.236
468.943	0.411
470.33	0.208
471.718	0.287
473.105	0.318
474.492	0.278
475.88	0.284
477.267	0.231
478.655	0.304
480.042	0.456
481.43	0.345
482.817	0.227
484.204	0.253
485.592	0.357
486.979	0.291
488.367	0.287
489.754	0.254
491.141	0.348
492.529	0.311
493.916	0.594
495.304	0.61
496.691	0.506
498.078	0.309
499.466	0.199
500.853	0.056
502.241	0.183
503.628	0.15
505.015	0.303
506.403	0.167
507.79	-0.024
509.178	0.022
510.565	-0.042
511.952	0.065
513.34	0.129
514.727	0.026
516.115	-0.028
517.502	0.101
518.889	0.278
520.277	0.223
521.664	0.07
523.052	-0.103
524.439	-0.046
525.826	-0.129
527.214	0.016
528.601	0.022
529.989	0.02
531.376	0.008
532.763	-0.043
534.151	-0.05
535.538	0.006
536.926	0.005
538.313	0.052
539.701	-0.049
541.088	-0.062
542.475	-0.048
543.863	-0.049
545.25	-0.001
546.638	0.117
548.025	-0.087
549.412	-0.063
550.8	-0.069
552.187	-0.069
553.575	-0.061
554.962	-0.076
556.349	-0.046
557.737	-0.008
559.124	-0.061
560.512	-0.115
561.899	-0.058
563.286	-0.057
564.674	-0.08
566.061	-0.052
567.449	0.001
568.836	-0.012
570.223	0.005
571.611	-0.057
572.998	-0.075
574.386	-0.072
575.773	0.017
577.16	-0.034
578.548	-0.03
579.935	0.008
581.323	-0.004
582.71	-0.029
584.097	-0.075
585.485	-0.058
586.872	-0.063
588.26	-0.06
589.647	0.005
591.034	-0.038
592.422	-0.024
593.809	-0.045
595.197	-0.073
596.584	-0.082
597.972	-0.08
599.359	-0.066
600.746	-0.055
602.134	-0.083
603.521	-0.038
604.909	-0.078
606.296	-0.068
607.683	-0.064
609.071	-0.035
610.458	-0.029
611.846	-0.058
613.233	-0.065
614.62	-0.026
616.008	-0.073
617.395	-0.05
618.783	-0.031
620.17	-0.062
621.557	-0.061
622.945	-0.042
624.332	-0.052
625.72	-0.053
627.107	-0.06
628.494	-0.06
629.882	-0.044
631.269	-0.063
632.657	-0.05
634.044	-0.02
635.431	-0.029
636.819	-0.053
638.206	-0.044
639.594	-0.054
640.981	-0.05
642.368	-0.064
643.756	-0.084
645.143	-0.107
646.531	-0.034
647.918	-0.003
649.306	-0.048
650.693	-0.055
652.08	-0.053
653.468	-0.045
654.855	-0.043
656.243	-0.042
657.63	-0.052
659.017	-0.05
660.405	-0.059
661.792	-0.062
663.18	-0.032
664.567	-0.04
665.954	-0.044
667.342	-0.036
668.729	-0.047
670.117	-0.046
671.504	-0.022
672.891	-0.04
674.279	-0.045
675.666	-0.03
677.054	-0.031
678.441	-0.016
679.828	-0.04
681.216	-0.053
682.603	-0.045
683.991	-0.042
685.378	-0.018
686.765	-0.026
688.153	-0.03
689.54	-0.051
690.928	-0.049
692.315	-0.016
693.702	-0.026
695.09	-0.051
696.477	-0.024
697.865	-0.044
699.252	-0.075
700.639	-0.016
702.027	-0.02
703.414	-0.049
704.802	-0.03
706.189	-0.041
707.577	-0.032
708.964	-0.018
710.351	-0.041
711.739	0.031
713.126	-0.048
714.514	-0.048
715.901	-0.047
717.288	-0.051
718.676	-0.064
720.063	-0.049
721.451	-0.055
722.838	-0.04
724.225	-0.042
725.613	-0.059
727	0.009
728.388	-0.055
729.775	-0.007
731.162	0.032
732.55	-0.037
733.937	-0.022
735.325	-0.047
736.712	-0.053
738.099	0.017
739.487	-0.032
740.874	-0.036
742.262	-0.04
743.649	-0.006
745.036	-0.056
746.424	-0.035
747.811	-0.023
749.199	-0.05
750.586	-0.049
751.973	-0.056
753.361	-0.073
754.748	-0.019
756.136	-0.036
757.523	-0.041
758.91	0.016
760.298	-0.029
761.685	-0.038
763.073	-0.04
764.46	-0.042
765.848	-0.029
767.235	-0.057
768.622	-0.069
770.01	-0.056
771.397	-0.044
772.785	-0.055
774.172	-0.065
775.559	-0.064
776.947	-0.018
778.334	-0.038
779.722	-0.058
781.109	-0.066
782.496	-0.043
783.884	-0.066
785.271	-0.063
786.659	-0.051
788.046	-0.049
789.433	-0.063
790.821	-0.075
792.208	-0.067
793.596	-0.051
794.983	-0.046
796.37	-0.089
797.758	-0.064
799.145	-0.015
800.533	-0.028
801.92	-0.039
803.307	-0.073
804.695	-0.077
806.082	-0.041
807.47	-0.09
808.857	-0.045
810.244	-0.035
811.632	-0.06
813.019	-0.065
814.407	-0.038
815.794	-0.064
817.181	-0.049
818.569	-0.001
819.956	-0.083
821.344	-0.092
822.731	-0.069
824.119	-0.061
825.506	-0.048
826.893	-0.066
828.281	-0.055
829.668	-0.07
831.056	-0.071
832.443	-0.108
833.83	-0.093
835.218	-0.049
836.605	-0.099
837.993	-0.071
839.38	-0.081
840.767	-0.079
842.155	-0.067
843.542	-0.071
844.93	-0.073
846.317	-0.078
847.704	-0.073
849.092	-0.08
850.479	-0.067
851.867	-0.065
853.254	-0.063
854.641	-0.058
856.029	-0.041
857.416	-0.054
858.804	-0.022
860.191	-0.06
861.578	-0.059
862.966	-0.059
864.353	-0.046
865.741	-0.068
867.128	-0.056
868.515	-0.024
869.903	-0.018
871.29	-0.091
872.678	-0.053
874.065	-0.098
875.453	-0.04
876.84	-0.054
878.227	-0.028
879.615	-0.043
881.002	-0.116
882.39	-0.096
883.777	-0.065
885.164	-0.032
886.552	-0.103
887.939	-0.106
889.327	-0.074
890.714	-0.066
892.101	-0.096
893.489	-0.114
894.876	-0.083
896.264	-0.064
897.651	-0.057
899.038	-0.073
900.426	-0.08
901.813	-0.069
903.201	-0.049
904.588	-0.069
905.975	-0.08
907.363	-0.046
908.75	-0.085
910.138	-0.062
911.525	-0.04
912.912	-0.034
914.3	-0.081
915.687	-0.075
917.075	-0.071
918.462	-0.049
919.849	-0.03
921.237	-0.087
922.624	-0.079
924.012	-0.064
925.399	-0.041
926.786	-0.075
928.174	-0.068
929.561	-0.057
930.949	-0.046
932.336	-0.066
933.724	-0.08
935.111	-0.062
936.498	-0.047
937.886	-0.032
939.273	-0.121
940.661	-0.057
942.048	-0.04
943.435	-0.086
944.823	-0.083
946.21	-0.074
947.598	-0.054
948.985	-0.026
950.372	-0.046
951.76	-0.062
953.147	-0.079
954.535	-0.094
955.922	-0.08
957.309	-0.05
958.697	-0.086
960.084	-0.097
961.472	-0.102
962.859	-0.102
964.246	-0.075
965.634	-0.082
967.021	-0.09
968.409	-0.086
969.796	-0.07
971.183	-0.055
972.571	-0.059
973.958	-0.058
975.346	-0.052
976.733	-0.084
978.12	-0.07
979.508	-0.105
980.895	-0.106
982.283	-0.08
983.67	-0.034
985.057	-0.099
986.445	-0.098
987.832	-0.059
989.22	-0.074
990.607	-0.064
991.995	-0.05
993.382	-0.061
994.769	-0.084
996.157	-0.065
997.544	-0.061
998.932	-0.057
1000.319	-0.107
1001.706	-0.087
1003.094	-0.064
1004.481	-0.08
1005.869	-0.04
1007.256	-0.08
1008.643	-0.087
1010.031	-0.085
1011.418	-0.043
1012.806	-0.048
1014.193	-0.101
1015.58	-0.116
1016.968	-0.13
1018.355	-0.106
1019.743	-0.086
1021.13	-0.067
1022.517	-0.071
1023.905	-0.01
1025.292	-0.024
1026.68	-0.01
1028.067	0.024
1029.454	-0.054
1030.842	-0.022
1032.229	-0.066
1033.617	-0.086
1035.004	-0.146
1036.391	-0.158
1037.779	-0.202
1039.166	-0.248
1040.554	-0.125
1041.941	-0.1
1043.328	-0.125
1044.716	-0.157
1046.103	-0.035
1047.491	0.012
1048.878	-0.041
1050.266	-0.047
1051.653	0.045
1053.04	-0.028
1054.428	-0.025
1055.815	-0.044
1057.203	-0.04
1058.59	-0.063
1059.977	-0.059
1061.365	-0.094
1062.752	-0.088
1064.14	-0.036
1065.527	-0.028
1066.914	-0.037
1068.302	0.008
1069.689	0.041
1071.077	-0.029
1072.464	-0.026
1073.851	-0.009
1075.239	-0.009
1076.626	0.013
1078.014	-0.017
1079.401	-0.058
1080.788	-0.038
1082.176	-0.066
1083.563	-0.036
1084.951	-0.04
1086.338	-0.054
1087.725	-0.071
1089.113	-0.067
1090.5	-0.06
1091.888	-0.023
1093.275	-0.001
1094.662	-0.068
1096.05	-0.093
1097.437	-0.074
1098.825	-0.048
1100.212	-0.056
1101.6	-0.033
1102.987	-0.054
1104.374	-0.07
1105.762	-0.17
1107.149	-0.01
1108.537	-0.07
1109.924	0
1111.311	0.099
1112.699	-0.063
1114.086	0.016
1115.474	0.113
1116.861	-0.03
1118.248	-0.042
1119.636	-0.025
1121.023	-0.065
1122.411	-0.099
1123.798	-0.154
1125.185	-0.034
1126.573	-0.047
1127.96	-0.011
1129.348	0.029
1130.735	0.001
1132.122	-0.025
1133.51	-0.017
1134.897	-0.024
1136.285	-0.052
1137.672	0.049
1139.059	0.185
1140.447	0.105
1141.834	0.094
1143.222	-0.023
1144.609	0.163
1145.996	0.036
1147.384	0.031
1148.771	0
1150.159	0.061
1151.546	0.136
1152.933	0.103
1154.321	0.31
1155.708	0.31
1157.096	0.22
1158.483	0.156
1159.871	0.163
1161.258	0.221
1162.645	0.175
1164.033	0.234
1165.42	0.253
1166.808	0.329
1168.195	0.288
1169.582	0.372
1170.97	0.438
1172.357	0.221
1173.745	0.514
1175.132	0.655
1176.519	0.61
1177.907	0.517
1179.294	0.575
1180.682	0.414
1182.069	0.323
1183.456	0.373
1184.844	0.232
1186.231	0.123
1187.619	0.015
1189.006	0.301
1190.393	0.443
1191.781	0.151
1193.168	-0.05
1194.556	0.143
1195.943	0.14
1197.33	0.105
1198.718	0.18
1200.105	0.184
1201.493	0.226
1202.88	0.378
1204.267	0.519
1205.655	0.378
1207.042	0.535
1208.43	0.477
1209.817	0.253
1211.204	0.348
1212.592	0.202
1213.979	0.082
1215.367	0.381
1216.754	0.336
1218.142	0.297
1219.529	0.413
1220.916	0.284
1222.304	0.34
1223.691	0.366
1225.079	0.137
1226.466	0.279
1227.853	0.27
1229.241	0.161
1230.628	0.332
1232.016	0.488
1233.403	0.507
1234.79	0.402
1236.178	0.226
1237.565	0.159
1238.953	0.209
1240.34	0.56
1241.727	0.467
1243.115	0.42
1244.502	0.424
1245.89	0.423
1247.277	0.413
1248.664	0.454
1250.052	0.575
1251.439	0.454
1252.827	0.201
1254.214	0.258
1255.601	0.545
1256.989	0.389
1258.376	0.549
1259.764	0.516
1261.151	0.626
1262.538	0.685
1263.926	0.603
1265.313	0.507
1266.701	0.56
1268.088	0.534
1269.475	0.53
1270.863	0.434
1272.25	0.604
1273.638	0.679
1275.025	0.869
1276.413	0.91
1277.8	0.929
1279.187	0.842
1280.575	0.666
1281.962	0.405
1283.35	0.393
1284.737	0.403
1286.124	0.365
1287.512	0.386
1288.899	0.321
1290.287	0.307
1291.674	0.454
1293.061	0.441
1294.449	0.375
1295.836	0.482
1297.224	0.608
1298.611	0.608
1299.998	0.556
1301.386	0.518
1302.773	0.603
1304.161	0.562
1305.548	0.473
1306.935	0.388
1308.323	0.215
1309.71	0.247
1311.098	0.384
1312.485	0.449
1313.872	0.25
1315.26	0.153
1316.647	0.183
1318.035	0.278
1319.422	0.355
1320.809	0.401
1322.197	0.448
1323.584	0.462
1324.972	0.3
1326.359	0.364
1327.747	0.468
1329.134	0.537
1330.521	0.698
1331.909	0.859
1333.296	0.668
1334.684	0.527
1336.071	0.375
1337.458	0.333
1338.846	0.227
1340.233	0.127
1341.621	0.412
1343.008	0.273
1344.395	0.385
1345.783	0.543
1347.17	0.167
1348.558	0.191
1349.945	0.2
1351.332	0.396
1352.72	0.276
1354.107	0.54
1355.495	0.32
1356.882	0.379
1358.269	0.43
1359.657	0.66
1361.044	0.513
1362.432	0.046
1363.819	0.247
1365.206	0.18
1366.594	0.259
1367.981	0.149
1369.369	0.022
1370.756	-0.019
1372.143	0.075
1373.531	0.252
1374.918	0.129
1376.306	-0.078
1377.693	0.075
1379.08	0.03
1380.468	-0.035
1381.855	-0.003
1383.243	-0.064
1384.63	0.061
1386.018	0.012
1387.405	0.039
1388.792	-0.03
1390.18	-0.045
1391.567	0.005
1392.955	-0.037
1394.342	0.064
1395.729	0.001
1397.117	-0.1
1398.504	-0.046
1399.892	0.076
1401.279	0.078
1402.666	-0.096
1404.054	-0.099
1405.441	0.076
1406.829	-0.084
1408.216	-0.018
1409.603	-0.129
1410.991	-0.084
1412.378	0.031
1413.766	0.176
1415.153	-0.069
1416.54	0.074
1417.928	0.004
1419.315	-0.124
1420.703	-0.166
1422.09	-0.102
1423.477	-0.022
1424.865	-0.02
1426.252	-0.052
1427.64	0.142
1429.027	0.105
1430.414	-0.035
1431.802	-0.058
1433.189	-0.008
1434.577	0.038
1435.964	0.04
1437.351	-0.008
1438.739	-0.084
1440.126	-0.003
1441.514	0.035
1442.901	-0.067
1444.289	-0.045
1445.676	-0.051
1447.063	-0.013
1448.451	0.058
1449.838	-0.032
1451.226	-0.078
1452.613	0.001
1454	-0.03
1455.388	0.004
1456.775	-0.062
1458.163	-0.075
1459.55	-0.015
1460.937	-0.031
1462.325	-0.064
1463.712	-0.025
1465.1	-0.015
1466.487	-0.04
1467.874	-0.027
1469.262	0.012
1470.649	-0.016
1472.037	-0.041
1473.424	-0.056
1474.811	-0.016
1476.199	-0.048
1477.586	-0.032
1478.974	-0.036
1480.361	-0.008
1481.748	-0.035
1483.136	-0.052
1484.523	-0.028
1485.911	-0.039
1487.298	-0.044
1488.685	-0.068
1490.073	-0.072
1491.46	-0.078
1492.848	-0.016
1494.235	-0.013
1495.622	-0.044
1497.01	-0.058
1498.397	-0.04
1499.785	-0.022
1501.172	-0.029
1502.56	-0.023
1503.947	-0.062
1505.334	-0.072
1506.722	-0.05
1508.109	-0.077
1509.497	-0.107
1510.884	-0.097
1512.271	-0.077
1513.659	-0.098
1515.046	-0.111
1516.434	-0.103
1517.821	-0.092
1519.208	-0.098
1520.596	-0.075
1521.983	-0.005
1523.371	-0.104
1524.758	-0.076
1526.145	-0.063
1527.533	-0.052
1528.92	-0.079
1530.308	-0.111
1531.695	-0.115
1533.082	-0.071
1534.47	-0.108
1535.857	-0.15
1537.245	-0.129
1538.632	-0.158
1540.019	-0.168
1541.407	-0.129
1542.794	-0.123
1544.182	-0.156
1545.569	-0.136
1546.956	-0.13
1548.344	-0.119
1549.731	-0.091
1551.119	-0.094
1552.506	-0.127
1553.894	-0.116
1555.281	-0.107
1556.668	-0.107
1558.056	-0.108
1559.443	-0.105
1560.831	-0.088
1562.218	-0.108
1563.605	-0.11
1564.993	-0.098
1566.38	-0.126
1567.768	-0.114
1569.155	-0.084
1570.542	-0.1
1571.93	-0.091
1573.317	-0.102
1574.705	-0.11
1576.092	-0.096
1577.479	-0.102
1578.867	-0.106
1580.254	-0.103
1581.642	-0.077
1583.029	-0.094
1584.416	-0.093
1585.804	-0.101
1587.191	-0.099
1588.579	-0.089
1589.966	-0.107
1591.353	-0.114
1592.741	-0.094
1594.128	-0.098
1595.516	-0.103
1596.903	-0.091
1598.29	-0.122
1599.678	-0.117
1601.065	-0.1
1602.453	-0.102
1603.84	-0.111
1605.227	-0.099
1606.615	-0.123
1608.002	-0.114
1609.39	-0.095
1610.777	-0.101
1612.165	-0.107
1613.552	-0.112
1614.939	-0.11
1616.327	-0.092
1617.714	-0.094
1619.102	-0.112
1620.489	-0.105
1621.876	-0.083
1623.264	-0.087
1624.651	-0.094
1626.039	-0.095
1627.426	-0.085
1628.813	-0.096
1630.201	-0.098
1631.588	-0.082
1632.976	-0.084
1634.363	-0.073
1635.75	-0.077
1637.138	-0.117
1638.525	-0.088
1639.913	-0.1
1641.3	-0.107
1642.687	-0.08
1644.075	-0.08
1645.462	-0.084
1646.85	-0.078
1648.237	-0.104
1649.624	-0.118
1651.012	-0.102
1652.399	-0.13
1653.787	-0.085
1655.174	-0.143
1656.561	-0.138
1657.949	-0.124
1659.336	-0.1
1660.724	-0.102
1662.111	-0.115
1663.498	-0.151
1664.886	-0.121
1666.273	-0.101
1667.661	-0.109
1669.048	-0.112
1670.436	-0.111
1671.823	-0.103
1673.21	-0.119
1674.598	-0.104
1675.985	-0.104
1677.373	-0.078
1678.76	-0.11
1680.147	-0.107
1681.535	-0.119
1682.922	-0.093
1684.31	-0.103
1685.697	-0.1
1687.084	-0.119
1688.472	-0.112
1689.859	-0.099
1691.247	-0.093
1692.634	-0.083
1694.021	-0.105
1695.409	-0.109
1696.796	-0.095
1698.184	-0.115
1699.571	-0.089
1700.958	-0.095
1702.346	-0.09
1703.733	-0.08
1705.121	-0.091
1706.508	-0.103
1707.895	-0.108
1709.283	-0.105
1710.67	-0.109
1712.058	-0.113
1713.445	-0.107
1714.832	-0.103
1716.22	-0.105
1717.607	-0.126
1718.995	-0.099
1720.382	-0.131
1721.77	-0.099
1723.157	-0.067
1724.544	-0.128
1725.932	-0.12
1727.319	-0.109
1728.707	-0.15
1730.094	-0.111
1731.481	-0.116
1732.869	-0.117
1734.256	-0.113
1735.644	-0.1
1737.031	-0.1
1738.418	-0.072
1739.806	-0.094
1741.193	-0.106
1742.581	-0.1
1743.968	-0.101
1745.355	-0.091
1746.743	-0.088
1748.13	-0.086
1749.518	-0.099
1750.905	-0.094
1752.292	-0.101
1753.68	-0.106
1755.067	-0.11
1756.455	-0.119
1757.842	-0.13
1759.229	-0.116
1760.617	-0.133
1762.004	-0.135
1763.392	-0.13
1764.779	-0.126
1766.166	-0.136
1767.554	-0.122
1768.941	-0.092
1770.329	-0.103
1771.716	-0.086
1773.103	-0.096
1774.491	-0.104
1775.878	-0.096
1777.266	-0.115
1778.653	-0.102
1780.041	-0.086
1781.428	-0.124
1782.815	-0.11
1784.203	-0.12
1785.59	-0.13
1786.978	-0.117
1788.365	-0.104
1789.752	-0.098
1791.14	-0.111
1792.527	-0.115
1793.915	-0.091
1795.302	-0.114
1796.689	-0.118
1798.077	-0.102
1799.464	-0.103
1800.852	-0.129
1802.239	-0.119
1803.626	-0.102
1805.014	-0.104
1806.401	-0.116
1807.789	-0.129
1809.176	-0.122
1810.563	-0.121
1811.951	-0.129