E	j	j C	j C	j  Ageo
V RHE	mA cm-2	mA mF-1	mA mF-1	mA cm-2
ML_040		I norm by capacitance @ 1.2 VRHE	I norm by capacitance @ 0.5 VRHE	I norm by Ageo
1.21166	9.56348E-4	0.0162	0.02271	0.04782
1.21219	9.80657E-4	0.01661	0.02329	0.04903
1.21269	9.86059E-4	0.0167	0.02342	0.0493
1.2132	9.34673E-4	0.01583	0.0222	0.04673
1.2137	9.0843E-4	0.01539	0.02157	0.04542
1.21419	9.54114E-4	0.01616	0.02266	0.04771
1.21468	9.27537E-4	0.01571	0.02203	0.04638
1.21519	8.94925E-4	0.01516	0.02125	0.04475
1.21569	8.96526E-4	0.01519	0.02129	0.04483
1.21619	8.79719E-4	0.0149	0.02089	0.04399
1.21668	8.57911E-4	0.01453	0.02037	0.0429
1.21719	8.76718E-4	0.01485	0.02082	0.04384
1.21768	9.13599E-4	0.01547	0.02169	0.04568
1.21818	8.47107E-4	0.01435	0.02012	0.04236
1.21868	8.7135E-4	0.01476	0.02069	0.04357
1.21918	8.63047E-4	0.01462	0.02049	0.04315
1.21968	8.3637E-4	0.01417	0.01986	0.04182
1.22018	8.32268E-4	0.0141	0.01976	0.04161
1.22067	8.54877E-4	0.01448	0.0203	0.04274
1.22117	7.94088E-4	0.01345	0.01886	0.0397
1.22167	8.11361E-4	0.01374	0.01927	0.04057
1.22216	8.14895E-4	0.0138	0.01935	0.04074
1.22267	8.21464E-4	0.01391	0.01951	0.04107
1.22317	7.84851E-4	0.01329	0.01864	0.03924
1.22366	8.03158E-4	0.0136	0.01907	0.04016
1.22416	8.03091E-4	0.0136	0.01907	0.04015
1.22467	7.95822E-4	0.01348	0.0189	0.03979
1.22516	7.9032E-4	0.01339	0.01877	0.03952
1.22565	8.18797E-4	0.01387	0.01944	0.04094
1.22616	8.35303E-4	0.01415	0.01984	0.04177
1.22666	8.22532E-4	0.01393	0.01953	0.04113
1.22716	8.02124E-4	0.01359	0.01905	0.04011
1.22765	7.85184E-4	0.0133	0.01865	0.03926
1.22816	7.79649E-4	0.01321	0.01851	0.03898
1.22867	7.77515E-4	0.01317	0.01846	0.03888
1.22916	7.0979E-4	0.01202	0.01685	0.03549
1.22967	6.52435E-4	0.01105	0.01549	0.03262
1.23016	7.06155E-4	0.01196	0.01677	0.03531
1.23066	7.04755E-4	0.01194	0.01674	0.03524
1.23116	6.60105E-4	0.01118	0.01568	0.03301
1.23166	6.78678E-4	0.0115	0.01612	0.03393
1.23216	6.8378E-4	0.01158	0.01624	0.03419
1.23265	6.63606E-4	0.01124	0.01576	0.03318
1.23316	6.92617E-4	0.01173	0.01645	0.03463
1.23365	7.18793E-4	0.01217	0.01707	0.03594
1.23415	6.78612E-4	0.01149	0.01611	0.03393
1.23465	6.92383E-4	0.01173	0.01644	0.03462
1.23514	7.21061E-4	0.01221	0.01712	0.03605
1.23564	6.64906E-4	0.01126	0.01579	0.03325
1.23614	6.32995E-4	0.01072	0.01503	0.03165
1.23664	6.89616E-4	0.01168	0.01638	0.03448
1.23713	6.60838E-4	0.01119	0.01569	0.03304
1.23767	6.46099E-4	0.01094	0.01534	0.0323
1.23818	6.83914E-4	0.01158	0.01624	0.0342
1.23869	6.86948E-4	0.01164	0.01631	0.03435
1.23919	6.54469E-4	0.01109	0.01554	0.03272
1.23968	6.78145E-4	0.01149	0.0161	0.03391
1.24017	6.72909E-4	0.0114	0.01598	0.03365
1.24068	6.20757E-4	0.01051	0.01474	0.03104
1.24118	6.65707E-4	0.01128	0.01581	0.03329
1.24168	6.65973E-4	0.01128	0.01581	0.0333
1.24217	6.93684E-4	0.01175	0.01647	0.03468
1.24268	6.90016E-4	0.01169	0.01639	0.0345
1.24317	6.85514E-4	0.01161	0.01628	0.03428
1.24367	6.44132E-4	0.01091	0.0153	0.03221
1.24417	6.72209E-4	0.01139	0.01596	0.03361
1.24468	6.92483E-4	0.01173	0.01644	0.03462
1.24518	6.68908E-4	0.01133	0.01588	0.03345
1.24568	6.5657E-4	0.01112	0.01559	0.03283
1.24616	6.84914E-4	0.0116	0.01626	0.03425
1.24667	6.67674E-4	0.01131	0.01585	0.03338
1.24717	6.62772E-4	0.01123	0.01574	0.03314
1.24767	6.37263E-4	0.01079	0.01513	0.03186
1.24816	6.44832E-4	0.01092	0.01531	0.03224
1.24867	6.24025E-4	0.01057	0.01482	0.0312
1.24916	6.52402E-4	0.01105	0.01549	0.03262
1.24966	6.69975E-4	0.01135	0.01591	0.0335
1.25016	6.40998E-4	0.01086	0.01522	0.03205
1.25067	6.51602E-4	0.01104	0.01547	0.03258
1.25116	6.97085E-4	0.01181	0.01655	0.03485
1.25166	6.88882E-4	0.01167	0.01636	0.03444
1.25216	7.06955E-4	0.01197	0.01679	0.03535
1.25266	7.42035E-4	0.01257	0.01762	0.0371
1.25315	7.31631E-4	0.01239	0.01737	0.03658
1.25366	7.19893E-4	0.01219	0.01709	0.03599
1.25416	7.24829E-4	0.01228	0.01721	0.03624
1.25465	6.89849E-4	0.01168	0.01638	0.03449
1.25516	6.21724E-4	0.01053	0.01476	0.03109
1.25566	6.71842E-4	0.01138	0.01595	0.03359
1.25615	6.81012E-4	0.01153	0.01617	0.03405
1.25665	6.72409E-4	0.01139	0.01597	0.03362
1.25715	6.86381E-4	0.01163	0.0163	0.03432
1.25766	6.78345E-4	0.01149	0.01611	0.03392
1.25815	6.57804E-4	0.01114	0.01562	0.03289
1.25865	6.26159E-4	0.01061	0.01487	0.03131
1.25915	6.95184E-4	0.01177	0.01651	0.03476
1.25964	6.42965E-4	0.01089	0.01527	0.03215
1.26015	6.60205E-4	0.01118	0.01568	0.03301
1.26064	7.09923E-4	0.01202	0.01686	0.0355
1.26115	6.75477E-4	0.01144	0.01604	0.03377
1.26164	6.68041E-4	0.01132	0.01586	0.0334
1.26214	6.99119E-4	0.01184	0.0166	0.03496
1.26263	6.80612E-4	0.01153	0.01616	0.03403
1.26314	6.72609E-4	0.01139	0.01597	0.03363
1.26364	6.97685E-4	0.01182	0.01657	0.03488
1.26414	6.87115E-4	0.01164	0.01632	0.03436
1.26465	6.10686E-4	0.01034	0.0145	0.03053
1.26515	6.39264E-4	0.01083	0.01518	0.03196
1.26564	6.68841E-4	0.01133	0.01588	0.03344
1.26614	6.60305E-4	0.01118	0.01568	0.03302
1.26664	6.61472E-4	0.0112	0.01571	0.03307
1.26714	7.02054E-4	0.01189	0.01667	0.0351
1.26765	6.58337E-4	0.01115	0.01563	0.03292
1.26814	6.8238E-4	0.01156	0.0162	0.03412
1.26864	6.88282E-4	0.01166	0.01634	0.03441
1.26913	6.95318E-4	0.01178	0.01651	0.03477
1.26963	6.81012E-4	0.01153	0.01617	0.03405
1.27013	7.2943E-4	0.01235	0.01732	0.03647
1.27063	7.03821E-4	0.01192	0.01671	0.03519
1.27113	6.70609E-4	0.01136	0.01592	0.03353
1.27163	6.71142E-4	0.01137	0.01594	0.03356
1.27212	7.19493E-4	0.01219	0.01709	0.03597
1.27263	7.08789E-4	0.01201	0.01683	0.03544
1.27313	7.0919E-4	0.01201	0.01684	0.03546
1.27362	7.39267E-4	0.01252	0.01755	0.03696
1.27412	6.94284E-4	0.01176	0.01649	0.03471
1.27462	7.372E-4	0.01249	0.01751	0.03686
1.27512	7.31865E-4	0.0124	0.01738	0.03659
1.27562	6.89382E-4	0.01168	0.01637	0.03447
1.27612	7.16726E-4	0.01214	0.01702	0.03584
1.27662	7.74814E-4	0.01312	0.0184	0.03874
1.27711	7.86985E-4	0.01333	0.01869	0.03935
1.27761	7.4597E-4	0.01263	0.01771	0.0373
1.27812	8.15862E-4	0.01382	0.01937	0.04079
1.27861	7.47437E-4	0.01266	0.01775	0.03737
1.27912	7.34266E-4	0.01244	0.01744	0.03671
1.27962	7.13724E-4	0.01209	0.01695	0.03569
1.28012	7.1129E-4	0.01205	0.01689	0.03556
1.28062	7.07522E-4	0.01198	0.0168	0.03538
1.28112	7.32231E-4	0.0124	0.01739	0.03661
1.28161	7.5644E-4	0.01281	0.01796	0.03782
1.28211	7.11891E-4	0.01206	0.0169	0.03559
1.28262	7.20427E-4	0.0122	0.01711	0.03602
1.28311	7.36933E-4	0.01248	0.0175	0.03685
1.28361	6.63906E-4	0.01125	0.01577	0.0332
1.28411	6.58537E-4	0.01115	0.01564	0.03293
1.28461	7.06355E-4	0.01196	0.01677	0.03532
1.2851	6.71776E-4	0.01138	0.01595	0.03359
1.28561	6.8348E-4	0.01158	0.01623	0.03417
1.2861	6.94451E-4	0.01176	0.01649	0.03472
1.28661	6.81879E-4	0.01155	0.01619	0.03409
1.2871	6.65373E-4	0.01127	0.0158	0.03327
1.28761	6.9145E-4	0.01171	0.01642	0.03457
1.28809	6.98952E-4	0.01184	0.0166	0.03495
1.28862	7.03921E-4	0.01192	0.01672	0.0352
1.28914	6.90683E-4	0.0117	0.0164	0.03453
1.28964	6.93484E-4	0.01175	0.01647	0.03467
1.29015	6.49101E-4	0.01099	0.01541	0.03246
1.29065	6.6624E-4	0.01128	0.01582	0.03331
1.29114	6.6664E-4	0.01129	0.01583	0.03333
1.29165	6.36329E-4	0.01078	0.01511	0.03182
1.29215	6.5697E-4	0.01113	0.0156	0.03285
1.29264	6.98786E-4	0.01184	0.01659	0.03494
1.29315	6.68341E-4	0.01132	0.01587	0.03342
1.29365	6.41698E-4	0.01087	0.01524	0.03208
1.29414	6.96051E-4	0.01179	0.01653	0.0348
1.29463	7.00486E-4	0.01186	0.01663	0.03502
1.29514	6.6594E-4	0.01128	0.01581	0.0333
1.29564	6.86581E-4	0.01163	0.0163	0.03433
1.29614	7.25429E-4	0.01229	0.01723	0.03627
1.29664	6.54769E-4	0.01109	0.01555	0.03274
1.29713	7.19127E-4	0.01218	0.01708	0.03596
1.29763	7.14625E-4	0.0121	0.01697	0.03573
1.29813	6.79012E-4	0.0115	0.01612	0.03395
1.29863	7.21394E-4	0.01222	0.01713	0.03607
1.29913	7.12224E-4	0.01206	0.01691	0.03561
1.29963	7.06889E-4	0.01197	0.01679	0.03534
1.30013	7.05955E-4	0.01196	0.01676	0.0353
1.30062	7.39367E-4	0.01252	0.01756	0.03697
1.30112	6.78612E-4	0.01149	0.01611	0.03393
1.30162	6.79278E-4	0.01151	0.01613	0.03396
1.30212	7.06789E-4	0.01197	0.01678	0.03534
1.30262	7.10057E-4	0.01203	0.01686	0.0355
1.30311	7.30831E-4	0.01238	0.01735	0.03654
1.30362	7.08356E-4	0.012	0.01682	0.03542
1.30411	7.25396E-4	0.01229	0.01723	0.03627
1.30462	6.85214E-4	0.01161	0.01627	0.03426
1.30512	7.05121E-4	0.01194	0.01674	0.03526
1.30562	6.96652E-4	0.0118	0.01654	0.03483
1.30612	6.73043E-4	0.0114	0.01598	0.03365
1.30663	6.70675E-4	0.01136	0.01593	0.03353
1.30711	7.42935E-4	0.01258	0.01764	0.03715
1.30761	7.1099E-4	0.01204	0.01688	0.03555
1.30811	7.0939E-4	0.01202	0.01685	0.03547
1.30861	7.15525E-4	0.01212	0.01699	0.03578
1.30911	7.12224E-4	0.01206	0.01691	0.03561
1.30961	6.90082E-4	0.01169	0.01639	0.0345
1.31011	7.12491E-4	0.01207	0.01692	0.03562
1.3106	7.42302E-4	0.01257	0.01763	0.03712
1.3111	7.39834E-4	0.01253	0.01757	0.03699
1.3116	7.63976E-4	0.01294	0.01814	0.0382
1.3121	7.48004E-4	0.01267	0.01776	0.0374
1.3126	6.8438E-4	0.01159	0.01625	0.03422
1.3131	7.13958E-4	0.01209	0.01695	0.0357
1.31359	7.53939E-4	0.01277	0.0179	0.0377
1.31411	7.24528E-4	0.01227	0.0172	0.03623
1.31464	7.5614E-4	0.01281	0.01796	0.03781
1.31514	7.34099E-4	0.01243	0.01743	0.0367
1.31565	7.0242E-4	0.0119	0.01668	0.03512
1.31615	6.7381E-4	0.01141	0.016	0.03369
1.31665	7.50672E-4	0.01271	0.01783	0.03753
1.31714	7.26163E-4	0.0123	0.01724	0.03631
1.31765	6.76511E-4	0.01146	0.01606	0.03383
1.31814	7.38901E-4	0.01252	0.01755	0.03695
1.31864	7.26163E-4	0.0123	0.01724	0.03631
1.31914	7.2813E-4	0.01233	0.01729	0.03641
1.31965	7.48171E-4	0.01267	0.01777	0.03741
1.32013	7.60242E-4	0.01288	0.01805	0.03801
1.32064	7.22461E-4	0.01224	0.01716	0.03612
1.32113	7.29697E-4	0.01236	0.01733	0.03648
1.32163	7.18693E-4	0.01217	0.01707	0.03593
1.32213	7.31931E-4	0.0124	0.01738	0.0366
1.32263	7.56307E-4	0.01281	0.01796	0.03782
1.32312	7.85985E-4	0.01331	0.01866	0.0393
1.32363	7.23928E-4	0.01226	0.01719	0.0362
1.32413	7.05555E-4	0.01195	0.01675	0.03528
1.32463	7.57341E-4	0.01283	0.01798	0.03787
1.32512	7.45403E-4	0.01263	0.0177	0.03727
1.32562	7.1836E-4	0.01217	0.01706	0.03592
1.32611	7.92954E-4	0.01343	0.01883	0.03965
1.32661	7.85351E-4	0.0133	0.01865	0.03927
1.32712	7.17026E-4	0.01214	0.01703	0.03585
1.32762	7.56007E-4	0.0128	0.01795	0.0378
1.32811	7.50238E-4	0.01271	0.01782	0.03751
1.32861	7.83417E-4	0.01327	0.0186	0.03917
1.32912	7.75247E-4	0.01313	0.01841	0.03876
1.32962	7.78148E-4	0.01318	0.01848	0.03891
1.33012	7.33198E-4	0.01242	0.01741	0.03666
1.33062	7.48504E-4	0.01268	0.01777	0.03743
1.33112	7.45336E-4	0.01262	0.0177	0.03727
1.33162	6.99019E-4	0.01184	0.0166	0.03495
1.33212	6.9385E-4	0.01175	0.01648	0.03469
1.33262	7.39101E-4	0.01252	0.01755	0.03696
1.33311	7.33065E-4	0.01242	0.01741	0.03665
1.33361	7.20694E-4	0.01221	0.01711	0.03603
1.33411	7.39701E-4	0.01253	0.01757	0.03699
1.33461	6.98786E-4	0.01184	0.01659	0.03494
1.33511	7.37467E-4	0.01249	0.01751	0.03687
1.33561	7.18893E-4	0.01218	0.01707	0.03594
1.33611	7.70512E-4	0.01305	0.0183	0.03853
1.33661	6.93617E-4	0.01175	0.01647	0.03468
1.33711	7.34099E-4	0.01243	0.01743	0.0367
1.33761	7.34299E-4	0.01244	0.01744	0.03671
1.33811	7.07789E-4	0.01199	0.01681	0.03539
1.3386	6.87348E-4	0.01164	0.01632	0.03437
1.3391	7.43369E-4	0.01259	0.01765	0.03717
1.3396	7.23795E-4	0.01226	0.01719	0.03619
1.34014	7.23795E-4	0.01226	0.01719	0.03619
1.34064	7.53239E-4	0.01276	0.01789	0.03766
1.34114	7.68445E-4	0.01302	0.01825	0.03842
1.34165	7.25062E-4	0.01228	0.01722	0.03625
1.34214	7.39534E-4	0.01253	0.01756	0.03698
1.34264	7.35899E-4	0.01246	0.01747	0.03679
1.34314	7.39067E-4	0.01252	0.01755	0.03695
1.34364	7.51272E-4	0.01272	0.01784	0.03756
1.34414	7.14091E-4	0.0121	0.01696	0.0357
1.34465	6.8268E-4	0.01156	0.01621	0.03413
1.34514	7.14258E-4	0.0121	0.01696	0.03571
1.34564	7.70446E-4	0.01305	0.0183	0.03852
1.34613	7.23328E-4	0.01225	0.01718	0.03617
1.34664	7.41635E-4	0.01256	0.01761	0.03708
1.34713	7.34165E-4	0.01244	0.01743	0.03671
1.34764	7.50305E-4	0.01271	0.01782	0.03752
1.34813	7.14725E-4	0.01211	0.01697	0.03574
1.34863	7.58041E-4	0.01284	0.018	0.0379
1.34912	7.59041E-4	0.01286	0.01802	0.03795
1.34963	7.69245E-4	0.01303	0.01827	0.03846
1.35012	8.20931E-4	0.0139	0.01949	0.04105
1.35062	8.03258E-4	0.01361	0.01907	0.04016
1.35112	7.80716E-4	0.01322	0.01854	0.03904
1.35162	7.73914E-4	0.01311	0.01838	0.0387
1.35211	8.24866E-4	0.01397	0.01959	0.04124
1.35262	7.49438E-4	0.01269	0.0178	0.03747
1.35312	7.66077E-4	0.01298	0.01819	0.0383
1.35361	8.25566E-4	0.01398	0.0196	0.04128
1.35411	7.89586E-4	0.01337	0.01875	0.03948
1.35461	8.33602E-4	0.01412	0.01979	0.04168
1.35511	8.29201E-4	0.01404	0.01969	0.04146
1.3556	7.95922E-4	0.01348	0.0189	0.0398
1.35611	7.89953E-4	0.01338	0.01876	0.0395
1.35661	7.89753E-4	0.01338	0.01875	0.03949
1.35711	7.34365E-4	0.01244	0.01744	0.03672
1.35761	7.48971E-4	0.01269	0.01779	0.03745
1.35811	7.7328E-4	0.0131	0.01836	0.03866
1.3586	7.88119E-4	0.01335	0.01871	0.03941
1.3591	7.28197E-4	0.01233	0.01729	0.03641
1.3596	7.53106E-4	0.01276	0.01788	0.03766
1.3601	7.51438E-4	0.01273	0.01784	0.03757
1.3606	7.31131E-4	0.01238	0.01736	0.03656
1.36111	7.03387E-4	0.01191	0.0167	0.03517
1.3616	7.67545E-4	0.013	0.01823	0.03838
1.3621	7.39267E-4	0.01252	0.01755	0.03696
1.3626	7.49038E-4	0.01269	0.01779	0.03745
1.3631	7.7268E-4	0.01309	0.01835	0.03863
1.3636	7.32932E-4	0.01241	0.0174	0.03665
1.3641	7.42969E-4	0.01258	0.01764	0.03715
1.36459	7.83617E-4	0.01327	0.01861	0.03918
1.36509	7.72213E-4	0.01308	0.01834	0.03861
1.36559	7.84251E-4	0.01328	0.01862	0.03921
1.3661	8.04291E-4	0.01362	0.0191	0.04021
1.36661	8.03925E-4	0.01362	0.01909	0.0402
1.3671	7.21094E-4	0.01221	0.01712	0.03605
1.36761	7.76615E-4	0.01315	0.01844	0.03883
1.3681	8.09593E-4	0.01371	0.01922	0.04048
1.3686	7.94188E-4	0.01345	0.01886	0.03971
1.3691	7.74414E-4	0.01312	0.01839	0.03872
1.3696	8.19964E-4	0.01389	0.01947	0.041
1.3701	7.67011E-4	0.01299	0.01821	0.03835
1.3706	7.89353E-4	0.01337	0.01874	0.03947
1.37109	8.39705E-4	0.01422	0.01994	0.04199
1.37159	7.73847E-4	0.01311	0.01838	0.03869
1.37209	7.69178E-4	0.01303	0.01827	0.03846
1.37259	8.01224E-4	0.01357	0.01903	0.04006
1.37309	7.88152E-4	0.01335	0.01872	0.03941
1.37359	7.67211E-4	0.01299	0.01822	0.03836
1.37408	8.3757E-4	0.01419	0.01989	0.04188
1.37457	8.4494E-4	0.01431	0.02006	0.04225
1.37508	7.95822E-4	0.01348	0.0189	0.03979
1.37558	8.34036E-4	0.01413	0.01981	0.0417
1.37607	8.37437E-4	0.01418	0.01989	0.04187
1.37658	7.81083E-4	0.01323	0.01855	0.03905
1.37707	7.82017E-4	0.01325	0.01857	0.0391
1.37756	8.40205E-4	0.01423	0.01995	0.04201
1.37807	8.14395E-4	0.01379	0.01934	0.04072
1.37858	8.1823E-4	0.01386	0.01943	0.04091
1.37907	9.0026E-4	0.01525	0.02138	0.04501
1.37956	8.70216E-4	0.01474	0.02066	0.04351
1.38006	8.7345E-4	0.01479	0.02074	0.04367
1.38057	8.82787E-4	0.01495	0.02096	0.04414
1.38106	9.03995E-4	0.01531	0.02147	0.0452
1.38156	8.74617E-4	0.01481	0.02077	0.04373
1.38208	8.87189E-4	0.01503	0.02107	0.04436
1.38257	8.23465E-4	0.01395	0.01955	0.04117
1.38307	8.21098E-4	0.01391	0.0195	0.04105
1.38357	8.13095E-4	0.01377	0.01931	0.04065
1.38407	8.68915E-4	0.01472	0.02063	0.04345
1.38456	8.44773E-4	0.01431	0.02006	0.04224
1.38507	8.39004E-4	0.01421	0.01992	0.04195
1.38556	8.46007E-4	0.01433	0.02009	0.0423
1.38606	8.36703E-4	0.01417	0.01987	0.04184
1.38656	8.05859E-4	0.01365	0.01914	0.04029
1.38705	8.52576E-4	0.01444	0.02025	0.04263
1.38754	8.3617E-4	0.01416	0.01986	0.04181
1.38805	8.23332E-4	0.01395	0.01955	0.04117
1.38855	8.49141E-4	0.01438	0.02016	0.04246
1.38904	8.41072E-4	0.01425	0.01997	0.04205
1.38954	7.89619E-4	0.01337	0.01875	0.03948
1.39004	8.12461E-4	0.01376	0.01929	0.04062
1.39054	8.64014E-4	0.01463	0.02052	0.0432
1.39107	8.43706E-4	0.01429	0.02003	0.04219
1.39159	8.4404E-4	0.0143	0.02004	0.0422
1.39209	8.56111E-4	0.0145	0.02033	0.04281
1.3926	8.20597E-4	0.0139	0.01949	0.04103
1.3931	8.36937E-4	0.01418	0.01987	0.04185
1.39359	8.88256E-4	0.01504	0.02109	0.04441
1.39409	8.94492E-4	0.01515	0.02124	0.04472
1.3946	9.07263E-4	0.01537	0.02154	0.04536
1.39509	9.15733E-4	0.01551	0.02175	0.04579
1.39559	8.92291E-4	0.01511	0.02119	0.04461
1.39609	8.58378E-4	0.01454	0.02038	0.04292
1.39658	8.94225E-4	0.01515	0.02123	0.04471
1.39708	8.75585E-4	0.01483	0.02079	0.04378
1.39758	8.95492E-4	0.01517	0.02126	0.04477
1.39808	8.73684E-4	0.0148	0.02075	0.04368
1.39858	8.57611E-4	0.01453	0.02037	0.04288
1.39908	8.15396E-4	0.01381	0.01936	0.04077
1.39958	8.93458E-4	0.01513	0.02122	0.04467
1.40007	8.81653E-4	0.01493	0.02094	0.04408
1.40058	8.86789E-4	0.01502	0.02106	0.04434
1.40108	8.82087E-4	0.01494	0.02095	0.0441
1.40157	9.23336E-4	0.01564	0.02193	0.04617
1.40207	9.03795E-4	0.01531	0.02146	0.04519
1.40257	9.27004E-4	0.0157	0.02201	0.04635
1.40307	9.68419E-4	0.0164	0.023	0.04842
1.40357	9.0783E-4	0.01538	0.02156	0.04539
1.40407	9.16867E-4	0.01553	0.02177	0.04584
1.40457	9.4401E-4	0.01599	0.02242	0.0472
1.40506	9.70286E-4	0.01643	0.02304	0.04851
1.40556	9.49045E-4	0.01607	0.02254	0.04745
1.40606	0.00102	0.01735	0.02433	0.05123
1.40655	0.00104	0.01767	0.02477	0.05215
1.40706	0.001	0.01698	0.02381	0.05013
1.40756	0.00103	0.0174	0.0244	0.05137
1.40806	9.86126E-4	0.0167	0.02342	0.04931
1.40856	9.47711E-4	0.01605	0.0225	0.04739
1.40906	9.45444E-4	0.01601	0.02245	0.04727
1.40955	9.54914E-4	0.01617	0.02268	0.04775
1.41005	9.40875E-4	0.01594	0.02234	0.04704
1.41056	9.10631E-4	0.01542	0.02162	0.04553
1.41106	9.18234E-4	0.01555	0.0218	0.04591
1.41155	8.84855E-4	0.01499	0.02101	0.04424
1.41205	8.9996E-4	0.01524	0.02137	0.045
1.41255	9.12231E-4	0.01545	0.02166	0.04561
1.41304	9.183E-4	0.01555	0.02181	0.04592
1.41355	8.90057E-4	0.01508	0.02114	0.0445
1.41404	8.99393E-4	0.01523	0.02136	0.04497
1.41455	9.26637E-4	0.0157	0.022	0.04633
1.41505	9.06996E-4	0.01536	0.02154	0.04535
1.41555	9.32939E-4	0.0158	0.02215	0.04665
1.41604	9.50979E-4	0.01611	0.02258	0.04755
1.41657	9.28004E-4	0.01572	0.02204	0.0464
1.41709	9.78789E-4	0.01658	0.02324	0.04894
1.41759	9.8826E-4	0.01674	0.02347	0.04941
1.4181	9.21168E-4	0.0156	0.02187	0.04606
1.4186	9.59449E-4	0.01625	0.02278	0.04797
1.41909	9.9056E-4	0.01678	0.02352	0.04953
1.41959	9.42609E-4	0.01597	0.02238	0.04713
1.42009	9.52113E-4	0.01613	0.02261	0.04761
1.42059	0.00101	0.01719	0.0241	0.05074
1.42109	9.95562E-4	0.01686	0.02364	0.04978
1.42159	9.95896E-4	0.01687	0.02365	0.04979
1.42208	9.98397E-4	0.01691	0.02371	0.04992
1.42258	0.00102	0.01734	0.02431	0.05118
1.42308	9.60949E-4	0.01628	0.02282	0.04805
1.42358	0.00102	0.01723	0.02416	0.05088
1.42408	9.81624E-4	0.01663	0.02331	0.04908
1.42459	9.4451E-4	0.016	0.02243	0.04723
1.42508	9.9943E-4	0.01693	0.02373	0.04997
1.42558	0.00101	0.01713	0.02401	0.05056
1.42608	9.70786E-4	0.01644	0.02305	0.04854
1.42658	0.00101	0.01711	0.02399	0.05051
1.42707	0.001	0.01702	0.02386	0.05024
1.42758	9.82691E-4	0.01664	0.02334	0.04913
1.42808	9.63517E-4	0.01632	0.02288	0.04818
1.42856	9.78423E-4	0.01657	0.02323	0.04892
1.42906	0.00101	0.01711	0.02399	0.05051
1.42957	9.67085E-4	0.01638	0.02296	0.04835
1.43006	0.00105	0.01775	0.02489	0.05241
1.43056	0.00106	0.01798	0.02521	0.05307
1.43106	0.00102	0.01724	0.02417	0.0509
1.43156	0.00107	0.01808	0.02535	0.05338
1.43206	0.00106	0.01798	0.0252	0.05307
1.43256	0.00103	0.0175	0.02454	0.05166
1.43307	0.00102	0.01735	0.02433	0.05123
1.43356	0.00103	0.01739	0.02438	0.05134
1.43407	0.001	0.01695	0.02376	0.05003
1.43457	0.00102	0.01731	0.02427	0.05111
1.43507	0.00105	0.01777	0.02491	0.05246
1.43556	0.00104	0.01764	0.02473	0.05207
1.43606	0.00102	0.01722	0.02414	0.05083
1.43657	0.00105	0.0177	0.02482	0.05225
1.43706	0.00101	0.01717	0.02407	0.05069
1.43756	0.00101	0.01709	0.02396	0.05046
1.43805	0.00102	0.01732	0.02428	0.05113
1.43855	0.00107	0.01818	0.02549	0.05366
1.43905	0.00104	0.01756	0.02462	0.05185
1.43956	0.0011	0.0187	0.02621	0.0552
1.44005	0.00109	0.01841	0.0258	0.05433
1.44055	0.0011	0.01866	0.02617	0.0551
1.44105	0.00107	0.01807	0.02533	0.05334
1.44154	0.00113	0.01922	0.02694	0.05673
1.44207	0.00113	0.0192	0.02692	0.05669
1.44259	0.00111	0.01881	0.02636	0.05551
1.44309	0.00113	0.01919	0.0269	0.05665
1.4436	0.00109	0.01846	0.02588	0.05448
1.4441	0.0011	0.01862	0.02611	0.05497
1.44459	0.00111	0.01881	0.02638	0.05554
1.44509	0.00112	0.01899	0.02663	0.05607
1.44559	0.00114	0.01923	0.02697	0.05678
1.44609	0.00118	0.02	0.02804	0.05905
1.44659	0.00114	0.01931	0.02707	0.057
1.44709	0.00114	0.01937	0.02716	0.05718
1.44759	0.00118	0.02005	0.02811	0.0592
1.44808	0.0012	0.02032	0.02849	0.05998
1.44859	0.00115	0.01955	0.02741	0.05772
1.44908	0.00119	0.02016	0.02827	0.05952
1.44959	0.00122	0.02061	0.02889	0.06083
1.45008	0.00115	0.01945	0.02726	0.05741
1.45058	0.00122	0.02069	0.02901	0.06108
1.45108	0.00122	0.02068	0.02899	0.06104
1.45158	0.00118	0.02005	0.02811	0.05918
1.45208	0.00121	0.02057	0.02884	0.06072
1.45258	0.00122	0.02067	0.02898	0.06101
1.45307	0.00122	0.02062	0.02891	0.06088
1.45358	0.0012	0.02041	0.02861	0.06024
1.45406	0.00125	0.02124	0.02978	0.0627
1.45457	0.00127	0.02149	0.03013	0.06345
1.45507	0.00125	0.02117	0.02969	0.0625
1.45557	0.00132	0.02229	0.03125	0.06579
1.45606	0.00134	0.02266	0.03176	0.06688
1.45656	0.0013	0.0221	0.03098	0.06524
1.45707	0.00137	0.02326	0.03261	0.06866
1.45756	0.00133	0.02259	0.03168	0.0667
1.45806	0.00134	0.02271	0.03184	0.06705
1.45857	0.00131	0.02211	0.031	0.06527
1.45906	0.00133	0.02256	0.03162	0.06658
1.45957	0.00134	0.02261	0.0317	0.06675
1.46007	0.00132	0.02234	0.03132	0.06595
1.46057	0.00138	0.02336	0.03275	0.06896
1.46106	0.00138	0.02334	0.03272	0.06889
1.46156	0.00135	0.02285	0.03203	0.06745
1.46206	0.00139	0.02353	0.03299	0.06947
1.46256	0.00138	0.02333	0.03271	0.06886
1.46306	0.00135	0.02285	0.03204	0.06746
1.46356	0.00144	0.02446	0.03429	0.0722
1.46405	0.00149	0.02528	0.03544	0.07463
1.46455	0.00145	0.02456	0.03444	0.07251
1.46505	0.00149	0.0253	0.03547	0.07468
1.46555	0.00151	0.02555	0.03581	0.07541
1.46605	0.00148	0.02509	0.03518	0.07408
1.46655	0.00153	0.02584	0.03623	0.07628
1.46704	0.00153	0.02593	0.03636	0.07655
1.46754	0.0016	0.02708	0.03796	0.07993
1.46805	0.00154	0.02615	0.03666	0.07718
1.46855	0.0016	0.02706	0.03793	0.07987
1.46906	0.00161	0.02724	0.0382	0.08042
1.46956	0.00162	0.02747	0.03851	0.08109
1.47005	0.0017	0.02876	0.04033	0.08491
1.47055	0.00169	0.02854	0.04002	0.08426
1.47105	0.00168	0.02852	0.03998	0.08419
1.47155	0.00173	0.02939	0.0412	0.08675
1.47205	0.00177	0.02992	0.04195	0.08833
1.47256	0.0018	0.03041	0.04264	0.08978
1.47305	0.00185	0.03127	0.04384	0.09231
1.47354	0.00188	0.03187	0.04468	0.09408
1.47404	0.00187	0.03174	0.0445	0.0937
1.47454	0.00194	0.03281	0.046	0.09686
1.47504	0.00194	0.03293	0.04617	0.09722
1.47554	0.00196	0.03327	0.04665	0.09822
1.47604	0.00202	0.03429	0.04807	0.10122
1.47654	0.00208	0.03522	0.04937	0.10396
1.47704	0.00207	0.03511	0.04923	0.10365
1.47754	0.00209	0.03537	0.04959	0.10441
1.47803	0.00215	0.03638	0.051	0.10739
1.47853	0.00216	0.03662	0.05135	0.10811
1.47903	0.00221	0.03748	0.05255	0.11065
1.47953	0.0023	0.03895	0.0546	0.11497
1.48002	0.00233	0.03952	0.05541	0.11666
1.48053	0.00233	0.03953	0.05543	0.1167
1.48103	0.00242	0.04092	0.05737	0.1208
1.48153	0.00248	0.04204	0.05895	0.12411
1.48202	0.00255	0.04315	0.06049	0.12737
1.48252	0.0026	0.04406	0.06177	0.13006
1.48302	0.00261	0.04423	0.06202	0.13058
1.48352	0.00261	0.04423	0.06201	0.13057
1.48403	0.00268	0.04532	0.06354	0.13379
1.48452	0.00272	0.04611	0.06464	0.13611
1.48502	0.00274	0.04642	0.06508	0.13702
1.48553	0.00278	0.04705	0.06596	0.13889
1.48602	0.00285	0.04824	0.06763	0.14239
1.48651	0.00292	0.04952	0.06942	0.14617
1.48702	0.00297	0.05025	0.07045	0.14833
1.48752	0.00305	0.05163	0.07238	0.1524
1.48802	0.00312	0.05287	0.07412	0.15606
1.48852	0.00314	0.05325	0.07466	0.15721
1.48902	0.00321	0.05438	0.07624	0.16052
1.48951	0.00331	0.05601	0.07853	0.16535
1.49001	0.00335	0.05678	0.0796	0.16761
1.49051	0.00345	0.05843	0.08192	0.17248
1.49101	0.0035	0.05935	0.08321	0.1752
1.49151	0.00358	0.06068	0.08508	0.17913
1.49201	0.00368	0.0624	0.08748	0.1842
1.49251	0.00376	0.06376	0.08939	0.18823
1.49303	0.00386	0.06544	0.09174	0.19317
1.49355	0.00395	0.06692	0.09383	0.19756
1.49405	0.00405	0.06868	0.09629	0.20275
1.49456	0.00413	0.07001	0.09815	0.20667
1.49505	0.00424	0.07187	0.10076	0.21216
1.49555	0.00436	0.07388	0.10357	0.21808
1.49605	0.00443	0.07504	0.1052	0.22151
1.49655	0.0046	0.07788	0.10918	0.22989
1.49705	0.00471	0.07983	0.11191	0.23565
1.49755	0.00483	0.0818	0.11468	0.24148
1.49805	0.00491	0.08309	0.11649	0.24527
1.49855	0.00507	0.08582	0.12032	0.25334
1.49904	0.0051	0.08642	0.12115	0.2551
1.49955	0.00528	0.08941	0.12535	0.26393
1.50004	0.00545	0.09237	0.1295	0.27268
1.50054	0.00558	0.09446	0.13243	0.27884
1.50104	0.00572	0.09681	0.13572	0.28577
1.50153	0.00585	0.09904	0.13885	0.29237
1.50203	0.00599	0.10146	0.14225	0.29952
1.50253	0.00611	0.10342	0.145	0.3053
1.50303	0.00626	0.10609	0.14874	0.31318
1.50352	0.00641	0.10856	0.15221	0.32048
1.50403	0.00658	0.11141	0.15619	0.32887
1.50452	0.00673	0.11405	0.15989	0.33667
1.50502	0.00694	0.1175	0.16473	0.34685
1.50552	0.00708	0.11989	0.16808	0.35391
1.50602	0.00728	0.12334	0.17292	0.36409
1.50651	0.00749	0.12681	0.17779	0.37435
1.50702	0.00765	0.1296	0.1817	0.38259
1.50751	0.00789	0.13369	0.18743	0.39466
1.50801	0.00808	0.13684	0.19185	0.40395
1.50851	0.00823	0.13936	0.19538	0.4114
1.50901	0.00843	0.14271	0.20008	0.42129
1.50951	0.00859	0.14549	0.20398	0.4295
1.51002	0.00879	0.14895	0.20882	0.43969
1.51052	0.009	0.15252	0.21383	0.45023
1.51101	0.00923	0.15638	0.21924	0.46162
1.5115	0.00944	0.15995	0.22424	0.47216
1.51201	0.00969	0.16408	0.23004	0.48437
1.5125	0.00991	0.16793	0.23544	0.49574
1.51301	0.01014	0.17183	0.24091	0.50725
1.51351	0.01039	0.17603	0.24678	0.51963
1.514	0.01068	0.18086	0.25356	0.53389
1.5145	0.01093	0.18514	0.25956	0.54652
1.515	0.01117	0.18916	0.26519	0.55839
1.51549	0.01144	0.19371	0.27158	0.57184
1.516	0.01168	0.19787	0.27741	0.58412
1.5165	0.01196	0.20256	0.28398	0.59795
1.51699	0.0123	0.20839	0.29215	0.61516
1.51749	0.01257	0.21296	0.29857	0.62866
1.518	0.01288	0.21817	0.30588	0.64405
1.5185	0.01319	0.22348	0.31332	0.65972
1.519	0.01348	0.22826	0.32001	0.67382
1.5195	0.01383	0.23427	0.32844	0.69157
1.52	0.0142	0.24052	0.3372	0.71001
1.5205	0.01447	0.24507	0.34358	0.72344
1.521	0.01485	0.25151	0.35261	0.74245
1.5215	0.01525	0.25827	0.36208	0.7624
1.522	0.01561	0.2644	0.37068	0.78051
1.5225	0.01598	0.27074	0.37958	0.79923
1.523	0.01637	0.27723	0.38867	0.81839
1.5235	0.01676	0.2838	0.39788	0.83777
1.52399	0.01717	0.29081	0.40771	0.85847
1.52449	0.01755	0.29721	0.41668	0.87735
1.525	0.01793	0.30374	0.42584	0.89664
1.52549	0.01841	0.3119	0.43728	0.92073
1.52598	0.01889	0.32002	0.44866	0.94469
1.52648	0.0193	0.32684	0.45822	0.96482
1.52698	0.01982	0.33573	0.47069	0.99109
1.52747	0.02026	0.34314	0.48107	1.01294
1.52798	0.02074	0.35125	0.49245	1.0369
1.52847	0.02129	0.36058	0.50553	1.06443
1.52897	0.02181	0.36947	0.51798	1.09066
1.52948	0.02235	0.37862	0.53081	1.11767
1.52996	0.02289	0.38773	0.5436	1.14459
1.53046	0.02349	0.39789	0.55783	1.17456
1.53097	0.02401	0.4066	0.57005	1.20028
1.53148	0.02456	0.41603	0.58326	1.22811
1.53196	0.02519	0.42672	0.59825	1.25967
1.53248	0.0258	0.43693	0.61257	1.28982
1.53297	0.02639	0.44694	0.6266	1.31936
1.53346	0.02699	0.45716	0.64093	1.34954
1.53397	0.02765	0.4683	0.65655	1.38243
1.53445	0.02837	0.48044	0.67357	1.41827
1.53496	0.02908	0.49255	0.69055	1.45401
1.53546	0.02976	0.50409	0.70673	1.48808
1.53596	0.03045	0.5158	0.72314	1.52263
1.53646	0.03115	0.52755	0.73961	1.55732
1.53695	0.03191	0.54041	0.75765	1.5953
1.53745	0.03268	0.5535	0.776	1.63394
1.53794	0.03343	0.56614	0.79372	1.67125
1.53844	0.03424	0.57992	0.81304	1.71193
1.53894	0.03507	0.59396	0.83272	1.75336
1.53944	0.03592	0.60846	0.85305	1.79618
1.53995	0.03676	0.62265	0.87295	1.83807
1.54048	0.03762	0.63724	0.89341	1.88115
1.54098	0.03857	0.65322	0.9158	1.9283
1.54149	0.03943	0.66781	0.93626	1.97138
1.54198	0.04032	0.68289	0.9574	2.0159
1.54248	0.04127	0.69903	0.98002	2.06353
1.54298	0.0422	0.71469	1.00198	2.10976
1.54347	0.04317	0.73126	1.02522	2.15868
1.54397	0.04414	0.74756	1.04807	2.2068
1.54447	0.0452	0.76557	1.07332	2.25997
1.54496	0.04628	0.78385	1.09894	2.31391
1.54547	0.04736	0.8021	1.12453	2.36779
1.54596	0.04843	0.82026	1.14999	2.42142
1.54646	0.04958	0.83971	1.17727	2.47884
1.54695	0.05073	0.85932	1.20475	2.5367
1.54744	0.05191	0.87919	1.23261	2.59538
1.54795	0.05308	0.89901	1.2604	2.65389
1.54845	0.05435	0.92055	1.2906	2.71747
1.54894	0.05552	0.94038	1.3184	2.77602
1.54944	0.05679	0.96192	1.34859	2.83958
1.54993	0.05805	0.98331	1.37858	2.90272
1.55044	0.05936	1.00549	1.40968	2.9682
1.55093	0.06073	1.02855	1.44201	3.03628
1.55143	0.06209	1.05163	1.47436	3.1044
1.55194	0.0635	1.07552	1.50787	3.17495
1.55243	0.0649	1.09932	1.54122	3.24518
1.55293	0.06622	1.1217	1.5726	3.31125
1.55343	0.06766	1.14597	1.60663	3.3829
1.55394	0.0691	1.17036	1.64082	3.4549
1.55443	0.07067	1.19705	1.67824	3.53368
1.55492	0.07215	1.22199	1.71321	3.60732
1.55542	0.07379	1.24976	1.75214	3.68929
1.55592	0.07533	1.27598	1.7889	3.76669
1.55642	0.07691	1.30271	1.82637	3.84559
1.55691	0.07856	1.33063	1.86552	3.92803
1.55741	0.08023	1.35892	1.90519	4.01154
1.55792	0.0819	1.38719	1.94482	4.09498
1.55841	0.08358	1.41558	1.98461	4.17878
1.55891	0.08528	1.44439	2.02501	4.26384
1.5594	0.08705	1.47444	2.06714	4.35254
1.55991	0.08892	1.50615	2.11159	4.44615
1.56042	0.09068	1.53594	2.15336	4.53409
1.56092	0.09248	1.56633	2.19597	4.62381
1.5614	0.0944	1.59888	2.2416	4.71989
1.5619	0.09623	1.62989	2.28508	4.81143
1.5624	0.09819	1.66304	2.33155	4.9093
1.5629	0.10017	1.69673	2.37879	5.00875
1.56338	0.10225	1.73186	2.42804	5.11246
1.56389	0.1042	1.76491	2.47437	5.21
1.56438	0.10627	1.79992	2.52346	5.31336
1.56488	0.10837	1.83557	2.57344	5.4186
1.56538	0.11045	1.8707	2.62269	5.52231
1.56588	0.11256	1.90657	2.67298	5.62819
1.56637	0.11481	1.94457	2.72625	5.74036
1.56687	0.11697	1.98113	2.77751	5.84829
1.56738	0.11918	2.01866	2.83013	5.95909
1.56786	0.12148	2.05761	2.88473	6.07406
1.56836	0.12384	2.09755	2.94073	6.19198
1.56884	0.12623	2.13798	2.99742	6.31133
1.56936	0.12851	2.17659	3.05154	6.42529
1.56985	0.13082	2.2158	3.10651	6.54103
1.57035	0.13327	2.25723	3.16459	6.66333
1.57085	0.13567	2.29786	3.22156	6.78329
1.57135	0.13818	2.34038	3.28118	6.90881
1.57183	0.14075	2.384	3.34233	7.03758
1.57234	0.14334	2.4279	3.40388	7.16717
1.57283	0.14594	2.47189	3.46555	7.29703
1.57334	0.14851	2.51544	3.5266	7.42558
1.57383	0.1513	2.56265	3.5928	7.56495
1.57432	0.15401	2.60852	3.6571	7.70034
1.57481	0.1567	2.6542	3.72114	7.8352
1.57531	0.15952	2.70188	3.78799	7.97596
1.57583	0.16231	2.7491	3.8542	8.11536
1.57635	0.1652	2.79807	3.92285	8.25991
1.57686	0.16804	2.84628	3.99043	8.40222
1.57736	0.17098	2.89603	4.06019	8.5491
1.57785	0.17384	2.94448	4.12811	8.6921
1.57834	0.17698	2.99769	4.20271	8.84919
1.57884	0.17996	3.04808	4.27335	8.99792
1.57933	0.1831	3.10121	4.34784	9.15477
1.57983	0.18624	3.15439	4.4224	9.31175
1.58033	0.18941	3.20821	4.49786	9.47064
1.58082	0.19258	3.2619	4.57312	9.62912
1.58132	0.19584	3.31705	4.65045	9.79194
1.58181	0.19918	3.3737	4.72987	9.95916
1.58231	0.20255	3.43064	4.8097	10.12726
1.58279	0.20605	3.48997	4.89288	10.3024
1.58329	0.20947	3.54785	4.97403	10.47327
1.58378	0.21293	3.60662	5.05642	10.64674
1.58427	0.21642	3.66565	5.13918	10.821
1.58477	0.21997	3.72576	5.22345	10.99844
1.58528	0.22349	3.7854	5.30707	11.17451
1.58578	0.22707	3.84603	5.39206	11.35347