E	j	j C	j C	j  Ageo
V RHE	mA cm-2	mA mF-1	mA mF-1	mA cm-2
ML_039		I norm by capacitance @ 1.2 VRHE	I norm by capacitance @ 0.5 VRHE	I norm by Ageo
1.19088	-0.02698	-0.81428	-1.08573	-1.92693
1.19988	0.00541	0.1633	0.21774	0.38645
1.2012	0.00456	0.13779	0.18372	0.32607
1.20173	0.00369	0.11128	0.14838	0.26334
1.20222	0.00327	0.09884	0.13179	0.23391
1.20271	0.00301	0.09084	0.12113	0.21497
1.20321	0.00279	0.08423	0.11231	0.19933
1.20371	0.0026	0.07856	0.10474	0.1859
1.20421	0.00257	0.07742	0.10323	0.18322
1.2047	0.00248	0.07489	0.09985	0.17721
1.2052	0.00237	0.0716	0.09546	0.16943
1.2057	0.00235	0.0708	0.09441	0.16755
1.2062	0.00226	0.06812	0.09083	0.16121
1.2067	0.00222	0.06695	0.08926	0.15842
1.20719	0.00213	0.06437	0.08583	0.15234
1.20769	0.00213	0.06428	0.08571	0.15212
1.20819	0.00207	0.06236	0.08315	0.14757
1.20869	0.00203	0.06116	0.08155	0.14474
1.20919	0.00204	0.06151	0.08201	0.14556
1.20969	0.00199	0.0601	0.08013	0.14221
1.21019	0.00195	0.05883	0.07844	0.13922
1.21069	0.00197	0.05938	0.07917	0.14051
1.21118	0.00195	0.05872	0.0783	0.13896
1.21171	0.00191	0.0577	0.07694	0.13655
1.21224	0.00191	0.05777	0.07702	0.1367
1.21274	0.00193	0.05818	0.07757	0.13767
1.21324	0.00184	0.05559	0.07412	0.13155
1.21374	0.00184	0.05551	0.07401	0.13136
1.21423	0.00183	0.05516	0.07355	0.13054
1.21473	0.00177	0.05342	0.07123	0.12642
1.21523	0.00173	0.05225	0.06967	0.12365
1.21573	0.00177	0.05333	0.0711	0.1262
1.21623	0.00173	0.05224	0.06966	0.12362
1.21673	0.00171	0.05165	0.06887	0.12222
1.21723	0.00172	0.05181	0.06908	0.12259
1.21772	0.00169	0.05104	0.06805	0.12078
1.21823	0.00166	0.05005	0.06674	0.11844
1.21872	0.00169	0.05103	0.06804	0.12076
1.21922	0.00167	0.05026	0.06702	0.11894
1.21972	0.00164	0.04956	0.06608	0.11728
1.22022	0.00164	0.04949	0.06599	0.11713
1.22071	0.00168	0.0506	0.06747	0.11975
1.22121	0.00166	0.04996	0.06661	0.11822
1.22171	0.00163	0.0491	0.06547	0.1162
1.2222	0.00168	0.05059	0.06746	0.11972
1.22271	0.00164	0.04944	0.06592	0.117
1.22321	0.00162	0.04886	0.06515	0.11563
1.2237	0.00165	0.04993	0.06657	0.11815
1.2242	0.00159	0.04797	0.06396	0.11352
1.22472	0.00157	0.04752	0.06336	0.11245
1.22521	0.00157	0.04742	0.06322	0.11221
1.2257	0.00161	0.0486	0.0648	0.115
1.2262	0.0016	0.04817	0.06423	0.114
1.22672	0.00159	0.04809	0.06412	0.1138
1.22721	0.00154	0.04642	0.06189	0.10985
1.22771	0.00148	0.04456	0.05941	0.10545
1.22821	0.00148	0.04476	0.05969	0.10593
1.22871	0.0015	0.04528	0.06037	0.10715
1.2292	0.00149	0.04507	0.06009	0.10666
1.22971	0.0015	0.04519	0.06026	0.10695
1.23021	0.00154	0.04649	0.06198	0.11001
1.2307	0.00149	0.0451	0.06013	0.10672
1.2312	0.00146	0.04407	0.05876	0.10428
1.2317	0.00148	0.04463	0.05951	0.10562
1.2322	0.00146	0.04398	0.05865	0.10408
1.2327	0.00146	0.04411	0.05882	0.10439
1.2332	0.00148	0.04476	0.05968	0.10591
1.23369	0.00144	0.04354	0.05805	0.10303
1.23419	0.00143	0.04303	0.05737	0.10183
1.2347	0.00146	0.04406	0.05875	0.10427
1.23519	0.00147	0.04423	0.05897	0.10467
1.23569	0.00144	0.04335	0.05779	0.10257
1.23619	0.00143	0.04311	0.05748	0.10202
1.23669	0.00147	0.04435	0.05914	0.10495
1.2372	0.00143	0.04325	0.05766	0.10234
1.23773	0.00144	0.04337	0.05783	0.10264
1.23823	0.00145	0.04377	0.05836	0.10358
1.23874	0.00141	0.04265	0.05687	0.10093
1.23924	0.0014	0.04218	0.05625	0.09982
1.23973	0.00145	0.04375	0.05833	0.10353
1.24023	0.0014	0.04233	0.05645	0.10018
1.24073	0.00141	0.04261	0.05681	0.10083
1.24123	0.00147	0.04439	0.05919	0.10505
1.24172	0.00144	0.04349	0.05799	0.10292
1.24223	0.00142	0.04291	0.05721	0.10154
1.24272	0.00142	0.04286	0.05715	0.10142
1.24322	0.00143	0.04317	0.05756	0.10216
1.24372	0.00144	0.04361	0.05814	0.10319
1.24422	0.00142	0.04296	0.05729	0.10167
1.24472	0.00142	0.04296	0.05728	0.10165
1.24522	0.0014	0.04228	0.05638	0.10006
1.24572	0.00141	0.04254	0.05672	0.10067
1.24621	0.00145	0.04366	0.05822	0.10332
1.24671	0.00141	0.04248	0.05664	0.10052
1.24722	0.00139	0.04196	0.05595	0.0993
1.24771	0.00145	0.04389	0.05853	0.10387
1.24821	0.00142	0.04301	0.05735	0.10178
1.24871	0.0014	0.04218	0.05624	0.09982
1.2492	0.00142	0.04278	0.05704	0.10123
1.2497	0.00143	0.04307	0.05743	0.10193
1.25021	0.00138	0.04166	0.05555	0.09859
1.25071	0.00141	0.04249	0.05666	0.10055
1.25121	0.00148	0.04454	0.05939	0.1054
1.2517	0.00145	0.04371	0.05828	0.10344
1.2522	0.00148	0.04452	0.05936	0.10536
1.25271	0.00144	0.04342	0.0579	0.10276
1.25321	0.00141	0.04251	0.05668	0.10059
1.25371	0.00141	0.04245	0.0566	0.10046
1.25421	0.00141	0.04266	0.05688	0.10095
1.25471	0.00139	0.04196	0.05595	0.0993
1.25521	0.00137	0.04149	0.05532	0.09817
1.2557	0.00141	0.04264	0.05685	0.1009
1.2562	0.00138	0.04155	0.0554	0.09832
1.25671	0.00138	0.04159	0.05545	0.09841
1.2572	0.0014	0.04232	0.05643	0.10015
1.2577	0.00138	0.04176	0.05568	0.09881
1.2582	0.00138	0.04165	0.05553	0.09856
1.2587	0.0014	0.04225	0.05634	0.09998
1.25919	0.0014	0.04211	0.05615	0.09966
1.25969	0.0014	0.04216	0.05621	0.09977
1.2602	0.0014	0.04224	0.05632	0.09995
1.26069	0.00144	0.04341	0.05788	0.10273
1.26119	0.00139	0.04195	0.05593	0.09927
1.26169	0.00138	0.04169	0.05559	0.09866
1.26218	0.00141	0.04266	0.05688	0.10096
1.26268	0.00139	0.04196	0.05594	0.09928
1.26319	0.00139	0.04197	0.05597	0.09933
1.26369	0.00139	0.04198	0.05597	0.09933
1.2642	0.00137	0.04143	0.05524	0.09804
1.2647	0.00136	0.04107	0.05476	0.09719
1.2652	0.00142	0.04272	0.05696	0.10109
1.2657	0.00139	0.04195	0.05593	0.09926
1.2662	0.00135	0.04082	0.05443	0.0966
1.2667	0.00138	0.04171	0.05561	0.0987
1.26719	0.00139	0.04196	0.05595	0.0993
1.26769	0.00138	0.04177	0.05569	0.09884
1.26819	0.00138	0.04163	0.05551	0.09851
1.26869	0.00141	0.04257	0.05677	0.10075
1.26918	0.0014	0.04234	0.05645	0.10019
1.26968	0.00138	0.04158	0.05544	0.09839
1.27018	0.00147	0.04435	0.05913	0.10495
1.27068	0.00141	0.04268	0.05691	0.10101
1.27118	0.0014	0.04225	0.05633	0.09998
1.27168	0.00143	0.04312	0.05749	0.10203
1.27218	0.00141	0.04269	0.05692	0.10101
1.27269	0.00138	0.04172	0.05562	0.09872
1.27318	0.00141	0.04267	0.0569	0.10099
1.27367	0.00142	0.04287	0.05716	0.10145
1.27417	0.00142	0.04283	0.0571	0.10134
1.27467	0.00143	0.04313	0.0575	0.10206
1.27516	0.00142	0.04281	0.05708	0.1013
1.27567	0.00141	0.04255	0.05673	0.10068
1.27618	0.00143	0.04327	0.05769	0.10239
1.27667	0.0015	0.04534	0.06045	0.10728
1.27717	0.00146	0.04421	0.05894	0.10461
1.27767	0.00149	0.04499	0.05999	0.10647
1.27816	0.0015	0.04513	0.06017	0.10679
1.27867	0.00143	0.04315	0.05753	0.10211
1.27917	0.00142	0.04294	0.05726	0.10162
1.27967	0.00146	0.04412	0.05883	0.10441
1.28017	0.00143	0.04314	0.05752	0.10209
1.28067	0.00139	0.04201	0.05601	0.09941
1.28116	0.00141	0.04266	0.05688	0.10094
1.28166	0.00139	0.042	0.05601	0.0994
1.28216	0.00135	0.04071	0.05428	0.09633
1.28266	0.00139	0.04198	0.05597	0.09934
1.28316	0.00141	0.04245	0.0566	0.10045
1.28365	0.00138	0.04176	0.05568	0.09882
1.28416	0.00137	0.04135	0.05513	0.09784
1.28465	0.00142	0.04288	0.05717	0.10147
1.28515	0.00138	0.04171	0.05562	0.09871
1.28565	0.00136	0.04097	0.05463	0.09696
1.28615	0.00138	0.04166	0.05554	0.09857
1.28665	0.00133	0.04022	0.05363	0.09518
1.28715	0.00132	0.03987	0.05316	0.09434
1.28765	0.00136	0.04099	0.05466	0.097
1.28815	0.00134	0.04051	0.05402	0.09587
1.28868	0.00136	0.04115	0.05487	0.09738
1.2892	0.00137	0.04127	0.05503	0.09767
1.2897	0.00139	0.04185	0.05581	0.09905
1.2902	0.00134	0.04048	0.05398	0.0958
1.2907	0.00135	0.04071	0.05428	0.09633
1.29119	0.00134	0.04034	0.05379	0.09546
1.29169	0.00132	0.03982	0.05309	0.09423
1.29219	0.00131	0.03945	0.0526	0.09335
1.29269	0.00132	0.03993	0.05324	0.09449
1.29319	0.00132	0.03981	0.05308	0.09421
1.29369	0.00134	0.0403	0.05374	0.09537
1.29418	0.00137	0.04145	0.05527	0.0981
1.29469	0.00138	0.04167	0.05556	0.09861
1.29519	0.00134	0.04037	0.05383	0.09554
1.29568	0.00138	0.04158	0.05544	0.09839
1.29618	0.00134	0.04056	0.05408	0.09598
1.29668	0.00133	0.04019	0.05359	0.0951
1.29718	0.00136	0.04092	0.05455	0.09682
1.29767	0.00133	0.04002	0.05336	0.09469
1.29818	0.0013	0.03917	0.05223	0.09269
1.29867	0.00133	0.04012	0.0535	0.09495
1.29917	0.00134	0.04052	0.05403	0.09589
1.29967	0.00134	0.04055	0.05407	0.09597
1.30017	0.00133	0.04014	0.05353	0.095
1.30066	0.00138	0.04172	0.05563	0.09873
1.30117	0.00134	0.04055	0.05407	0.09596
1.30168	0.00135	0.04068	0.05424	0.09627
1.30217	0.00137	0.04141	0.05522	0.098
1.30267	0.00134	0.0403	0.05373	0.09536
1.30317	0.00133	0.04022	0.05363	0.09518
1.30366	0.00139	0.04194	0.05592	0.09924
1.30416	0.00134	0.04053	0.05404	0.09592
1.30467	0.00131	0.03957	0.05276	0.09364
1.30517	0.00133	0.04005	0.0534	0.09477
1.30566	0.00136	0.04104	0.05472	0.09712
1.30616	0.00132	0.03983	0.0531	0.09425
1.30667	0.00137	0.04132	0.05509	0.09778
1.30716	0.00137	0.04146	0.05528	0.09811
1.30765	0.0013	0.03934	0.05246	0.0931
1.30816	0.00131	0.03963	0.05284	0.09379
1.30866	0.00134	0.04042	0.0539	0.09565
1.30915	0.00132	0.03971	0.05295	0.09398
1.30965	0.00133	0.04029	0.05371	0.09533
1.31015	0.00136	0.04118	0.05491	0.09745
1.31065	0.00135	0.04068	0.05424	0.09627
1.31115	0.00135	0.04076	0.05435	0.09645
1.31165	0.00138	0.04167	0.05556	0.09861
1.31215	0.00134	0.04055	0.05407	0.09596
1.31265	0.0013	0.03936	0.05248	0.09315
1.31315	0.00132	0.03971	0.05294	0.09396
1.31364	0.00132	0.03988	0.05318	0.09438
1.31417	0.00131	0.03965	0.05287	0.09384
1.31469	0.00131	0.03966	0.05289	0.09386
1.31519	0.00131	0.03954	0.05272	0.09357
1.31569	0.00128	0.03865	0.05154	0.09147
1.31619	0.00128	0.03851	0.05135	0.09114
1.31669	0.00129	0.03885	0.05179	0.09192
1.31719	0.00127	0.03833	0.0511	0.0907
1.31769	0.0013	0.03938	0.0525	0.09318
1.31818	0.00131	0.03949	0.05265	0.09345
1.31868	0.00129	0.03907	0.0521	0.09246
1.31918	0.00131	0.03952	0.05269	0.09352
1.31968	0.00136	0.04114	0.05485	0.09735
1.32018	0.00134	0.04053	0.05404	0.09591
1.32068	0.00132	0.03983	0.05311	0.09425
1.32117	0.00133	0.04029	0.05372	0.09534
1.32167	0.00133	0.04019	0.05358	0.0951
1.32217	0.00131	0.03967	0.05289	0.09387
1.32267	0.00134	0.04043	0.0539	0.09567
1.32317	0.00138	0.04172	0.05563	0.09872
1.32367	0.00135	0.0408	0.0544	0.09655
1.32417	0.00134	0.04055	0.05407	0.09597
1.32466	0.00139	0.04201	0.05601	0.09941
1.32516	0.00138	0.04161	0.05548	0.09847
1.32567	0.00135	0.04088	0.0545	0.09673
1.32615	0.00141	0.0426	0.0568	0.1008
1.32666	0.00134	0.04034	0.05379	0.09546
1.32717	0.00134	0.04047	0.05396	0.09577
1.32767	0.00141	0.04253	0.0567	0.10063
1.32816	0.0014	0.04224	0.05632	0.09996
1.32866	0.00141	0.04265	0.05686	0.10092
1.32917	0.00143	0.04315	0.05753	0.10211
1.32966	0.00138	0.04161	0.05548	0.09847
1.33017	0.00134	0.04059	0.05412	0.09604
1.33067	0.00134	0.0406	0.05413	0.09607
1.33116	0.00134	0.04031	0.05375	0.09539
1.33166	0.00133	0.04029	0.05372	0.09535
1.33216	0.00134	0.04045	0.05393	0.09572
1.33266	0.00136	0.04105	0.05473	0.09713
1.33315	0.00131	0.03961	0.05282	0.09374
1.33366	0.00133	0.04007	0.05343	0.09482
1.33416	0.00135	0.04066	0.05421	0.09621
1.33465	0.00131	0.03942	0.05256	0.09328
1.33515	0.00131	0.03955	0.05274	0.09359
1.33565	0.00137	0.04136	0.05515	0.09788
1.33614	0.00135	0.04077	0.05436	0.09648
1.33665	0.00132	0.03995	0.05326	0.09453
1.33715	0.00136	0.04112	0.05483	0.09732
1.33764	0.00137	0.04139	0.05518	0.09794
1.33815	0.00137	0.04127	0.05503	0.09766
1.33865	0.00137	0.04132	0.05509	0.09778
1.33914	0.00138	0.04153	0.05538	0.09828
1.33966	0.00136	0.041	0.05466	0.09702
1.34019	0.00133	0.04012	0.0535	0.09494
1.34069	0.00139	0.04195	0.05594	0.09927
1.34119	0.00138	0.0416	0.05546	0.09843
1.34169	0.00133	0.04014	0.05353	0.095
1.34219	0.00135	0.04085	0.05447	0.09667
1.34269	0.00132	0.03978	0.05304	0.09414
1.34319	0.0013	0.03938	0.05251	0.0932
1.34369	0.00135	0.04085	0.05447	0.09668
1.34419	0.00132	0.0399	0.0532	0.09442
1.34468	0.00133	0.04027	0.05369	0.09529
1.34518	0.00137	0.04129	0.05505	0.09771
1.34568	0.00135	0.04074	0.05432	0.0964
1.34618	0.00136	0.04104	0.05472	0.09711
1.34668	0.0014	0.04237	0.05649	0.10026
1.34718	0.00138	0.0417	0.0556	0.09868
1.34768	0.00139	0.04198	0.05597	0.09934
1.34818	0.00138	0.04155	0.0554	0.09833
1.34868	0.00139	0.04208	0.0561	0.09957
1.34918	0.00137	0.04134	0.05512	0.09782
1.34968	0.00141	0.0425	0.05667	0.10058
1.35017	0.00147	0.04441	0.05921	0.10508
1.35067	0.00144	0.04345	0.05794	0.10283
1.35117	0.00142	0.04275	0.057	0.10117
1.35167	0.00146	0.04398	0.05864	0.10408
1.35217	0.00142	0.04285	0.05714	0.10141
1.35268	0.00142	0.04296	0.05728	0.10167
1.35317	0.00146	0.04411	0.05881	0.10437
1.35367	0.00149	0.04495	0.05993	0.10636
1.35417	0.00148	0.04463	0.05951	0.10562
1.35466	0.00152	0.04576	0.06102	0.1083
1.35516	0.00149	0.04503	0.06004	0.10656
1.35567	0.00147	0.0445	0.05933	0.1053
1.35617	0.00145	0.04374	0.05832	0.10351
1.35667	0.00148	0.04464	0.05953	0.10565
1.35716	0.00145	0.04375	0.05834	0.10354
1.35767	0.00143	0.04301	0.05735	0.10179
1.35816	0.00145	0.04365	0.0582	0.1033
1.35866	0.00142	0.04283	0.0571	0.10135
1.35916	0.00142	0.04271	0.05695	0.10108
1.35966	0.00144	0.04361	0.05814	0.10319
1.36015	0.0014	0.04231	0.05641	0.10011
1.36065	0.00142	0.04293	0.05724	0.10159
1.36116	0.00146	0.0441	0.05881	0.10437
1.36165	0.00143	0.04326	0.05768	0.10236
1.36215	0.00142	0.04275	0.057	0.10117
1.36266	0.00141	0.04263	0.05684	0.10087
1.36314	0.00144	0.04332	0.05777	0.10252
1.36365	0.00141	0.04241	0.05655	0.10036
1.36415	0.00144	0.04335	0.0578	0.10259
1.36465	0.00146	0.04393	0.05858	0.10397
1.36514	0.00145	0.04382	0.05843	0.1037
1.36566	0.00145	0.04387	0.05849	0.10381
1.36615	0.00148	0.04475	0.05966	0.10589
1.36666	0.00145	0.04364	0.05818	0.10326
1.36716	0.00141	0.04267	0.05689	0.10097
1.36766	0.00149	0.04492	0.05989	0.10629
1.36816	0.00145	0.04385	0.05847	0.10377
1.36866	0.00144	0.04333	0.05777	0.10253
1.36916	0.00148	0.04467	0.05956	0.10571
1.36965	0.00144	0.04342	0.05789	0.10275
1.37015	0.0014	0.04224	0.05632	0.09995
1.37065	0.00143	0.04303	0.05737	0.10182
1.37115	0.00145	0.04391	0.05855	0.10391
1.37165	0.00143	0.04308	0.05744	0.10195
1.37215	0.00141	0.04244	0.05658	0.10042
1.37264	0.00145	0.04366	0.05821	0.10331
1.37314	0.00139	0.04187	0.05583	0.09909
1.37364	0.00138	0.04151	0.05535	0.09824
1.37414	0.00145	0.04362	0.05817	0.10323
1.37464	0.00139	0.04206	0.05608	0.09952
1.37514	0.00139	0.04207	0.0561	0.09956
1.37564	0.00146	0.04396	0.05861	0.10403
1.37613	0.00143	0.0432	0.05759	0.10222
1.37664	0.00142	0.04299	0.05732	0.10173
1.37713	0.00147	0.04449	0.05932	0.10529
1.37763	0.00148	0.04469	0.05959	0.10577
1.37814	0.00145	0.04384	0.05846	0.10375
1.37865	0.00145	0.04374	0.05832	0.10351
1.37913	0.0015	0.04524	0.06033	0.10707
1.37963	0.00148	0.04466	0.05954	0.10568
1.38013	0.0015	0.0453	0.0604	0.10721
1.38064	0.0015	0.04516	0.06021	0.10687
1.38114	0.00145	0.04378	0.05838	0.10361
1.38164	0.00143	0.0432	0.05761	0.10224
1.38214	0.00145	0.04373	0.0583	0.10348
1.38264	0.00143	0.04313	0.05751	0.10207
1.38314	0.00142	0.04275	0.057	0.10117
1.38364	0.00145	0.04391	0.05854	0.1039
1.38413	0.00143	0.04306	0.05741	0.1019
1.38463	0.00142	0.04278	0.05704	0.10124
1.38512	0.00144	0.04339	0.05785	0.10268
1.38562	0.00144	0.04343	0.05791	0.10278
1.38612	0.00143	0.04331	0.05775	0.1025
1.38662	0.00145	0.0438	0.0584	0.10364
1.38712	0.00145	0.04363	0.05817	0.10324
1.38761	0.00142	0.04284	0.05712	0.10137
1.38812	0.00144	0.04332	0.05776	0.10252
1.38862	0.00143	0.04327	0.05769	0.10239
1.38912	0.00142	0.043	0.05734	0.10177
1.38962	0.00141	0.04269	0.05692	0.10102
1.39011	0.00145	0.04374	0.05832	0.10351
1.39062	0.00142	0.04295	0.05727	0.10164
1.39115	0.0014	0.04221	0.05628	0.09988
1.39165	0.00146	0.04392	0.05856	0.10394
1.39216	0.00146	0.04403	0.05871	0.1042
1.39266	0.00141	0.04268	0.0569	0.10099
1.39316	0.00142	0.04277	0.05703	0.10121
1.39366	0.0014	0.04227	0.05635	0.10002
1.39416	0.00139	0.04206	0.05609	0.09954
1.39466	0.00147	0.04446	0.05929	0.10522
1.39515	0.00146	0.044	0.05866	0.10412
1.39565	0.00143	0.04307	0.05743	0.10192
1.39615	0.00144	0.04338	0.05784	0.10266
1.39665	0.00147	0.04435	0.05914	0.10496
1.39715	0.00143	0.04317	0.05756	0.10216
1.39765	0.00142	0.04295	0.05727	0.10164
1.39814	0.00147	0.04433	0.05911	0.10491
1.39864	0.00146	0.0441	0.05881	0.10437
1.39914	0.00142	0.04297	0.05729	0.10168
1.39963	0.00146	0.04407	0.05876	0.10428
1.40014	0.00144	0.04333	0.05777	0.10253
1.40064	0.00145	0.04377	0.05836	0.10358
1.40114	0.00148	0.04454	0.05939	0.10541
1.40163	0.00148	0.04481	0.05975	0.10605
1.40213	0.00146	0.04418	0.05891	0.10455
1.40263	0.00151	0.04546	0.06061	0.10757
1.40312	0.00152	0.04586	0.06115	0.10853
1.40363	0.00147	0.04451	0.05935	0.10533
1.40414	0.00147	0.04441	0.05921	0.10509
1.40463	0.00154	0.0465	0.062	0.11004
1.40513	0.00153	0.04627	0.06169	0.10949
1.40562	0.00155	0.0467	0.06227	0.11051
1.40612	0.00159	0.04793	0.06391	0.11343
1.40663	0.00152	0.04596	0.06128	0.10876
1.40713	0.00152	0.04589	0.06118	0.10859
1.40763	0.00152	0.046	0.06134	0.10887
1.40812	0.00148	0.04482	0.05976	0.10606
1.40863	0.00146	0.04414	0.05885	0.10445
1.40912	0.00148	0.04459	0.05946	0.10553
1.40962	0.00148	0.04464	0.05952	0.10563
1.41012	0.00147	0.04451	0.05935	0.10534
1.41062	0.00148	0.04478	0.05971	0.10597
1.41112	0.00149	0.04511	0.06014	0.10674
1.41162	0.00146	0.044	0.05867	0.10412
1.41211	0.00144	0.04338	0.05783	0.10264
1.41261	0.00148	0.0446	0.05947	0.10554
1.41311	0.00145	0.04377	0.05836	0.10358
1.41361	0.00142	0.04298	0.05731	0.10172
1.41411	0.00148	0.04454	0.05939	0.10541
1.41461	0.00145	0.04365	0.05821	0.1033
1.41511	0.00147	0.04431	0.05908	0.10485
1.4156	0.00151	0.04551	0.06068	0.10769
1.4161	0.00152	0.04589	0.06118	0.10859
1.41664	0.00152	0.04574	0.06098	0.10823
1.41716	0.00152	0.04591	0.06121	0.10864
1.41766	0.00151	0.04554	0.06072	0.10777
1.41816	0.00149	0.04499	0.05998	0.10646
1.41866	0.00148	0.04481	0.05974	0.10603
1.41915	0.00152	0.04593	0.06124	0.10869
1.41965	0.00151	0.04561	0.06082	0.10794
1.42016	0.0015	0.04526	0.06035	0.10711
1.42065	0.00155	0.04683	0.06244	0.11082
1.42115	0.00149	0.045	0.06	0.10649
1.42165	0.00148	0.04464	0.05952	0.10564
1.42215	0.00153	0.04631	0.06174	0.10958
1.42264	0.00149	0.04501	0.06002	0.10652
1.42314	0.00144	0.04357	0.05809	0.1031
1.42364	0.00148	0.04475	0.05967	0.1059
1.42414	0.00148	0.04463	0.0595	0.10561
1.42464	0.00146	0.04403	0.05871	0.10419
1.42513	0.00149	0.04509	0.06012	0.1067
1.42563	0.0015	0.0452	0.06027	0.10696
1.42614	0.00154	0.04634	0.06178	0.10965
1.42664	0.00152	0.04582	0.0611	0.10843
1.42713	0.00153	0.04604	0.06139	0.10896
1.42763	0.00148	0.04469	0.05958	0.10575
1.42813	0.00148	0.04471	0.05962	0.10581
1.42862	0.00153	0.04617	0.06156	0.10925
1.42912	0.00151	0.04556	0.06075	0.10782
1.42963	0.00153	0.04623	0.06164	0.10939
1.43013	0.00159	0.04812	0.06417	0.11388
1.43063	0.00156	0.04715	0.06287	0.11158
1.43112	0.0016	0.04834	0.06445	0.11438
1.43162	0.00159	0.04806	0.06408	0.11373
1.43213	0.00157	0.04745	0.06327	0.11229
1.43263	0.00152	0.04596	0.06128	0.10875
1.43313	0.00155	0.0468	0.0624	0.11075
1.43362	0.00155	0.0467	0.06226	0.1105
1.43412	0.00155	0.04671	0.06228	0.11054
1.43462	0.00157	0.04731	0.06308	0.11195
1.43512	0.00159	0.04796	0.06394	0.11348
1.43561	0.00153	0.04633	0.06177	0.10963
1.43612	0.00154	0.0465	0.062	0.11003
1.43662	0.00157	0.04739	0.06319	0.11215
1.43711	0.00154	0.04661	0.06215	0.1103
1.43762	0.00153	0.04619	0.06159	0.10931
1.43812	0.00155	0.04669	0.06225	0.11048
1.43861	0.0015	0.04536	0.06048	0.10734
1.43911	0.0015	0.04527	0.06036	0.10712
1.43961	0.00153	0.04607	0.06143	0.10903
1.44011	0.00153	0.04608	0.06144	0.10905
1.44061	0.00154	0.04638	0.06184	0.10975
1.44111	0.00157	0.04745	0.06327	0.1123
1.44161	0.00156	0.04723	0.06298	0.11177
1.44213	0.00155	0.04672	0.06229	0.11055
1.44265	0.00156	0.04718	0.06291	0.11165
1.44315	0.0016	0.04828	0.06437	0.11425
1.44366	0.00157	0.04729	0.06305	0.1119
1.44416	0.0016	0.04835	0.06446	0.11441
1.44465	0.00163	0.0491	0.06547	0.1162
1.44515	0.00159	0.04794	0.06392	0.11344
1.44565	0.00159	0.04791	0.06388	0.11337
1.44615	0.00163	0.04935	0.0658	0.11677
1.44665	0.00163	0.04905	0.0654	0.11608
1.44715	0.00159	0.04784	0.06379	0.11322
1.44765	0.00164	0.04938	0.06584	0.11685
1.44815	0.00163	0.04917	0.06557	0.11637
1.44864	0.0016	0.04828	0.06438	0.11426
1.44914	0.00166	0.05004	0.06672	0.11841
1.44964	0.00167	0.05038	0.06717	0.11922
1.45014	0.00168	0.05072	0.06763	0.12004
1.45064	0.0017	0.05133	0.06844	0.12147
1.45113	0.00172	0.052	0.06934	0.12306
1.45163	0.00174	0.05266	0.07021	0.12461
1.45213	0.00174	0.05244	0.06992	0.12409
1.45263	0.00177	0.05354	0.07139	0.1267
1.45313	0.00175	0.05294	0.07059	0.12527
1.45363	0.00177	0.05349	0.07132	0.12657
1.45412	0.0018	0.05435	0.07247	0.12862
1.45462	0.00179	0.0539	0.07187	0.12756
1.45513	0.00179	0.05391	0.07189	0.12758
1.45563	0.00184	0.05555	0.07407	0.13146
1.45612	0.00185	0.05595	0.07461	0.13241
1.45662	0.00184	0.05563	0.07418	0.13165
1.45711	0.00187	0.05645	0.07527	0.13358
1.45762	0.00183	0.05533	0.07377	0.13092
1.45812	0.00183	0.0551	0.07347	0.13039
1.45862	0.00182	0.05498	0.07331	0.13011
1.45912	0.00185	0.05576	0.07435	0.13195
1.45962	0.00185	0.05581	0.07442	0.13208
1.46012	0.00187	0.05642	0.07523	0.13353
1.46062	0.00186	0.05623	0.07497	0.13306
1.46112	0.00185	0.0559	0.07454	0.13229
1.46161	0.00187	0.0564	0.0752	0.13347
1.46211	0.00188	0.05686	0.07581	0.13455
1.46262	0.00189	0.05708	0.0761	0.13507
1.46312	0.00187	0.05658	0.07544	0.13389
1.46361	0.0019	0.05725	0.07634	0.13548
1.46411	0.00191	0.05754	0.07672	0.13617
1.46461	0.00191	0.05775	0.077	0.13665
1.46511	0.00196	0.05903	0.07871	0.13969
1.4656	0.00198	0.05977	0.07969	0.14144
1.4661	0.002	0.06042	0.08056	0.14298
1.4666	0.00204	0.0617	0.08227	0.14601
1.4671	0.002	0.06047	0.08062	0.14309
1.4676	0.00199	0.05995	0.07994	0.14187
1.46811	0.002	0.0604	0.08053	0.14293
1.46861	0.00203	0.06141	0.08189	0.14533
1.46912	0.00201	0.0608	0.08107	0.14389
1.46962	0.00203	0.06139	0.08185	0.14527
1.47011	0.00206	0.06225	0.083	0.1473
1.47061	0.00204	0.06157	0.08209	0.1457
1.47111	0.00205	0.0619	0.08253	0.14648
1.47161	0.0021	0.06333	0.08444	0.14987
1.47211	0.0021	0.06343	0.08458	0.15011
1.47261	0.0021	0.06331	0.08441	0.14981
1.47311	0.00212	0.06402	0.08536	0.1515
1.4736	0.00214	0.0645	0.086	0.15263
1.4741	0.00213	0.0643	0.08573	0.15216
1.4746	0.00222	0.06699	0.08932	0.15853
1.4751	0.00222	0.06708	0.08945	0.15875
1.4756	0.00219	0.06617	0.08823	0.15659
1.47609	0.00225	0.06802	0.09069	0.16095
1.47659	0.00227	0.06847	0.09129	0.16202
1.47709	0.00224	0.06775	0.09033	0.16032
1.47759	0.00227	0.06863	0.09151	0.1624
1.47808	0.00233	0.07028	0.09371	0.16632
1.47859	0.00236	0.07117	0.0949	0.16842
1.47909	0.00237	0.07166	0.09555	0.16958
1.47958	0.00245	0.07405	0.09873	0.17523
1.48008	0.00248	0.07496	0.09995	0.1774
1.48059	0.00251	0.07563	0.10084	0.17897
1.48109	0.00256	0.07739	0.10319	0.18314
1.48159	0.0026	0.07846	0.10462	0.18568
1.48209	0.00263	0.07929	0.10573	0.18764
1.48258	0.00269	0.08123	0.10831	0.19223
1.48309	0.00267	0.08051	0.10735	0.19052
1.48359	0.00269	0.08114	0.10819	0.19202
1.48409	0.00277	0.0835	0.11133	0.19759
1.48458	0.00276	0.08331	0.11108	0.19715
1.48508	0.00278	0.08383	0.11178	0.19838
1.48558	0.00284	0.08565	0.1142	0.20268
1.48607	0.00289	0.08725	0.11633	0.20646
1.48657	0.0029	0.08767	0.1169	0.20747
1.48707	0.00296	0.08921	0.11895	0.21111
1.48757	0.00301	0.09086	0.12115	0.21502
1.48807	0.00303	0.09134	0.12179	0.21616
1.48857	0.00306	0.09248	0.12331	0.21884
1.48906	0.00314	0.09493	0.12657	0.22464
1.48956	0.00315	0.09499	0.12665	0.22478
1.49006	0.00321	0.09697	0.1293	0.22948
1.49057	0.00327	0.09872	0.13163	0.23362
1.49106	0.0033	0.09966	0.13288	0.23584
1.49156	0.00334	0.1007	0.13427	0.2383
1.49206	0.00342	0.10315	0.13754	0.2441
1.49255	0.00347	0.10473	0.13964	0.24782
1.49307	0.0035	0.10579	0.14106	0.25035
1.4936	0.00358	0.10803	0.14404	0.25564
1.4941	0.00366	0.11034	0.14713	0.26112
1.49461	0.00369	0.11126	0.14835	0.26329
1.49511	0.00378	0.11421	0.15228	0.27026
1.4956	0.00381	0.11507	0.15342	0.2723
1.49611	0.00387	0.11676	0.15568	0.2763
1.4966	0.00397	0.11991	0.15988	0.28376
1.4971	0.00404	0.122	0.16266	0.28869
1.4976	0.00411	0.12399	0.16533	0.29342
1.4981	0.00419	0.12639	0.16852	0.29908
1.49859	0.00429	0.12955	0.17274	0.30658
1.49909	0.00431	0.13012	0.1735	0.30793
1.4996	0.00437	0.1318	0.17573	0.31189
1.50008	0.00451	0.13604	0.1814	0.32194
1.50059	0.00458	0.13827	0.18437	0.32721
1.50109	0.00466	0.14053	0.18738	0.33255
1.50158	0.00475	0.1435	0.19134	0.33958
1.50208	0.00484	0.146	0.19467	0.3455
1.50258	0.00491	0.14834	0.19779	0.35103
1.50308	0.00504	0.15208	0.20278	0.35989
1.50358	0.00515	0.15537	0.20716	0.36767
1.50408	0.00519	0.15677	0.20903	0.37099
1.50457	0.00533	0.16084	0.21446	0.38063
1.50507	0.00543	0.16388	0.21851	0.38781
1.50558	0.00551	0.16636	0.22182	0.39368
1.50608	0.00566	0.17082	0.22777	0.40424
1.50657	0.0058	0.1752	0.2336	0.4146
1.50707	0.00589	0.17765	0.23687	0.4204
1.50757	0.00602	0.18157	0.2421	0.42968
1.50807	0.00613	0.18492	0.24657	0.4376
1.50857	0.0062	0.18719	0.24959	0.44296
1.50907	0.00632	0.19064	0.25419	0.45114
1.50957	0.00647	0.19518	0.26025	0.46188
1.51007	0.00656	0.19803	0.26404	0.46862
1.51057	0.00667	0.20141	0.26855	0.47661
1.51107	0.00682	0.20582	0.27444	0.48707
1.51157	0.00689	0.20783	0.27711	0.49182
1.51207	0.00701	0.21173	0.28231	0.50103
1.51256	0.00718	0.2168	0.28907	0.51304
1.51307	0.00727	0.21947	0.29264	0.51937
1.51357	0.00739	0.22309	0.29746	0.52793
1.51406	0.00763	0.23042	0.30724	0.54528
1.51456	0.00777	0.23459	0.3128	0.55515
1.51507	0.00791	0.23884	0.31846	0.5652
1.51556	0.00812	0.24513	0.32685	0.58009
1.51606	0.00824	0.24886	0.33182	0.5889
1.51656	0.00835	0.25197	0.33596	0.59627
1.51706	0.00854	0.25788	0.34385	0.61026
1.51754	0.00872	0.26313	0.35085	0.62269
1.51806	0.00888	0.26798	0.35732	0.63416
1.51856	0.00907	0.2738	0.36507	0.64793
1.51906	0.00921	0.27805	0.37074	0.65799
1.51956	0.0094	0.28383	0.37844	0.67166
1.52006	0.00964	0.29101	0.38802	0.68865
1.52056	0.00977	0.29504	0.39339	0.69818
1.52106	0.00994	0.30004	0.40006	0.71002
1.52156	0.01018	0.30713	0.40952	0.7268
1.52206	0.01035	0.31235	0.41647	0.73914
1.52256	0.0105	0.31681	0.42243	0.74972
1.52306	0.01077	0.325	0.43334	0.76908
1.52355	0.01102	0.33269	0.4436	0.7873
1.52405	0.01121	0.33826	0.45102	0.80047
1.52455	0.01149	0.34682	0.46244	0.82073
1.52505	0.01174	0.35422	0.4723	0.83823
1.52556	0.01195	0.36058	0.48078	0.85328
1.52605	0.01223	0.36928	0.49238	0.87388
1.52655	0.01246	0.37614	0.50153	0.89012
1.52704	0.01267	0.38234	0.50979	0.90477
1.52754	0.01295	0.39101	0.52136	0.92531
1.52803	0.01322	0.39891	0.53189	0.94399
1.52854	0.01342	0.40521	0.54029	0.95891
1.52904	0.01372	0.41413	0.55219	0.98002
1.52953	0.01405	0.42395	0.56528	1.00325
1.53003	0.01432	0.43212	0.57617	1.02258
1.53054	0.01461	0.44113	0.58818	1.0439
1.53103	0.01499	0.45244	0.60326	1.07066
1.53153	0.01528	0.46129	0.61506	1.09161
1.53203	0.01558	0.47017	0.6269	1.11262
1.53254	0.01584	0.47818	0.63758	1.13158
1.53304	0.01607	0.48512	0.64684	1.148
1.53354	0.01641	0.49532	0.66044	1.17215
1.53405	0.0167	0.50404	0.67207	1.19278
1.53454	0.01697	0.51214	0.68287	1.21194
1.53505	0.01735	0.52383	0.69846	1.23961
1.53554	0.01771	0.53452	0.7127	1.2649
1.53604	0.01806	0.545	0.72668	1.28971
1.53654	0.01843	0.55638	0.74185	1.31664
1.53704	0.01882	0.56813	0.75752	1.34444
1.53753	0.01924	0.5808	0.77441	1.37442
1.53803	0.01959	0.59119	0.78826	1.399
1.53853	0.02	0.60359	0.8048	1.42835
1.53903	0.02039	0.61542	0.82057	1.45634
1.53953	0.0208	0.62779	0.83707	1.48563
1.54002	0.02121	0.64017	0.85358	1.51493
1.54052	0.0216	0.65197	0.86931	1.54284
1.54101	0.02221	0.67025	0.89369	1.58611
1.54151	0.02252	0.67976	0.90636	1.6086
1.54206	0.02287	0.69032	0.92045	1.6336
1.54257	0.02339	0.70604	0.94141	1.6708
1.54306	0.02386	0.72022	0.96031	1.70434
1.54357	0.02426	0.7323	0.97641	1.73293
1.54406	0.02483	0.74946	0.9993	1.77355
1.54456	0.02523	0.76159	1.01547	1.80225
1.54505	0.02574	0.77705	1.03609	1.83884
1.54555	0.02623	0.79185	1.05582	1.87386
1.54604	0.02672	0.80649	1.07533	1.90849
1.54655	0.02725	0.8224	1.09655	1.94615
1.54704	0.02779	0.83884	1.11847	1.98505
1.54754	0.02832	0.85486	1.13983	2.02295
1.54804	0.0289	0.87243	1.16325	2.06453
1.54854	0.02938	0.88675	1.18236	2.09843
1.54904	0.02998	0.90495	1.20662	2.1415
1.54954	0.03058	0.92303	1.23073	2.18429
1.55003	0.03112	0.93944	1.25261	2.22312
1.55053	0.03174	0.95796	1.2773	2.26694
1.55103	0.03233	0.97578	1.30106	2.30911
1.55153	0.03295	0.99463	1.32619	2.35371
1.55203	0.03359	1.01387	1.35185	2.39925
1.55252	0.03426	1.03398	1.37866	2.44684
1.55302	0.03484	1.05171	1.4023	2.48879
1.55353	0.03544	1.06965	1.42622	2.53124
1.55403	0.03611	1.0901	1.45349	2.57963
1.55451	0.03682	1.11128	1.48173	2.62976
1.55502	0.03754	1.13302	1.51072	2.68122
1.55552	0.03812	1.15054	1.53408	2.72266
1.55603	0.03878	1.17056	1.56077	2.77004
1.55652	0.03951	1.19264	1.59022	2.8223
1.55702	0.04019	1.21322	1.61765	2.87099
1.55752	0.04092	1.23512	1.64685	2.92282
1.55802	0.04167	1.25774	1.67702	2.97636
1.55851	0.04232	1.27753	1.7034	3.02318
1.55901	0.04315	1.30243	1.7366	3.0821
1.55951	0.0439	1.32505	1.76676	3.13563
1.56001	0.04465	1.34773	1.797	3.1893
1.56051	0.04545	1.37195	1.8293	3.24661
1.561	0.04622	1.39516	1.86025	3.30156
1.56151	0.04699	1.4185	1.89136	3.35677
1.562	0.04781	1.4432	1.9243	3.41523
1.56249	0.04863	1.46786	1.95719	3.47359
1.563	0.0495	1.49397	1.992	3.53537
1.56349	0.05035	1.51978	2.02641	3.59646
1.56398	0.0512	1.54545	2.06063	3.65719
1.5645	0.05202	1.57025	2.0937	3.71587
1.565	0.05291	1.59696	2.12932	3.7791
1.5655	0.05381	1.62408	2.16548	3.84327
1.566	0.05469	1.6508	2.20111	3.9065
1.56649	0.05551	1.67565	2.23424	3.96531
1.56699	0.0565	1.70537	2.27387	4.03564
1.56749	0.05746	1.73433	2.31249	4.10418
1.568	0.05827	1.75885	2.34518	4.1622
1.56849	0.05928	1.7892	2.38565	4.23403
1.56899	0.0602	1.81718	2.42295	4.30022
1.56949	0.06114	1.84535	2.46051	4.36689
1.56998	0.06217	1.87665	2.50225	4.44096
1.57048	0.06314	1.90569	2.54096	4.50967
1.57098	0.06415	1.93626	2.58172	4.58202
1.57148	0.06515	1.9664	2.62192	4.65336
1.57198	0.06615	1.99682	2.66248	4.72534
1.57247	0.06724	2.02954	2.7061	4.80277
1.57298	0.06816	2.05749	2.74336	4.86889
1.57347	0.06923	2.08955	2.78611	4.94476
1.57396	0.07031	2.12218	2.82962	5.02198
1.57449	0.07126	2.15099	2.86804	5.09016
1.57497	0.07244	2.18644	2.91531	5.17406
1.57545	0.07359	2.2212	2.96166	5.25632
1.57596	0.07482	2.25844	3.01131	5.34444
1.57645	0.0759	2.29109	3.05484	5.4217
1.57696	0.07699	2.32402	3.09875	5.49963
1.57746	0.07824	2.3616	3.14886	5.58857
1.57795	0.07936	2.39555	3.19412	5.66889
1.57846	0.08059	2.4326	3.24353	5.75658
1.57895	0.08179	2.46891	3.29194	5.8425
1.57945	0.083	2.50523	3.34037	5.92845
1.57996	0.08418	2.54092	3.38795	6.0129
1.58044	0.08538	2.5772	3.43633	6.09876
1.58095	0.08658	2.61347	3.48469	6.18459
1.58144	0.08779	2.64975	3.53306	6.27044
1.58193	0.08901	2.68665	3.58226	6.35777
1.58244	0.09031	2.72606	3.63481	6.45103
1.58293	0.09153	2.76285	3.68387	6.53809
1.58344	0.09286	2.80291	3.73728	6.63288
1.58394	0.09415	2.84188	3.78924	6.72511
1.58447	0.09542	2.8803	3.84046	6.81602
1.58499	0.09668	2.91824	3.89106	6.90581
1.58549	0.09796	2.95685	3.94254	6.99718
1.58599	0.09936	2.99903	3.99877	7.09698
1.58648	0.10069	3.03909	4.0522	7.19179
1.58697	0.1021	3.08168	4.10899	7.29258
1.58747	0.10342	3.12161	4.16222	7.38707
1.58797	0.10477	3.16243	4.21665	7.48367
1.58847	0.10613	3.20349	4.2714	7.58083
1.58896	0.10785	3.25528	4.34045	7.70338
1.58946	0.10939	3.30182	4.4025	7.81351
1.58995	0.11082	3.34492	4.45997	7.91551
1.59046	0.11224	3.38773	4.51706	8.01683
1.59094	0.11372	3.43247	4.57672	8.12271
1.59145	0.11518	3.47665	4.63561	8.22723
1.59194	0.11667	3.52165	4.69562	8.33373
1.59244	0.11809	3.56456	4.75284	8.43528
1.59295	0.11954	3.60832	4.81118	8.53883
1.59344	0.12108	3.65463	4.87293	8.64842
1.59395	0.12249	3.69723	4.92972	8.74922
1.59443	0.12421	3.7491	4.99888	8.87197
1.59495	0.12577	3.79635	5.06189	8.98379
1.59543	0.12745	3.84699	5.12941	9.10363
1.59593	0.12888	3.8901	5.1869	9.20565
1.59643	0.13053	3.94001	5.25345	9.32376
1.59693	0.13205	3.98581	5.31451	9.43213
1.59743	0.1337	4.03551	5.38077	9.54974
1.59792	0.13528	4.08339	5.44461	9.66304
1.59842	0.13686	4.13111	5.50824	9.77597
1.59892	0.13844	4.17865	5.57164	9.88848
1.59942	0.14004	4.22713	5.63628	10.00321
1.59992	0.1416	4.274	5.69876	10.1141
1.60041	0.14325	4.32397	5.7654	10.23238
1.60092	0.14498	4.37603	5.83481	10.35556
1.60141	0.14664	4.42628	5.90181	10.47447
1.60191	0.14835	4.47784	5.97056	10.59648
1.6024	0.15015	4.53225	6.04311	10.72524
1.60295	0.15186	4.58368	6.11168	10.84694
1.60344	0.15362	4.63694	6.18269	10.97298
1.60395	0.15519	4.6844	6.24598	11.08529
1.60444	0.15687	4.73499	6.31344	11.20503
1.60494	0.15855	4.78571	6.38107	11.32505
1.60544	0.16031	4.83872	6.45175	11.45049
1.60593	0.16199	4.88967	6.51967	11.57104
1.60644	0.1637	4.94123	6.58842	11.69306
1.60692	0.16567	5.00047	6.66742	11.83326
1.60742	0.16814	5.0752	6.76706	12.01011
1.60794	0.17015	5.13585	6.84792	12.15361
1.60843	0.1721	5.19477	6.92648	12.29304
1.60892	0.17387	5.24825	6.9978	12.41962
1.60942	0.17574	5.30457	7.07289	12.5529
1.60991	0.17758	5.36015	7.147	12.68442
1.61041	0.17931	5.41218	7.21638	12.80755
1.61091	0.18114	5.46756	7.29022	12.9386
1.6114	0.18307	5.52576	7.36781	13.07631
1.61191	0.18501	5.58431	7.44588	13.21488
1.61237	0.18827	5.68289	7.57733	13.44816
1.61291	0.19102	5.76568	7.68771	13.64407
1.61342	0.19282	5.82013	7.76031	13.77292
1.61391	0.19477	5.87905	7.83887	13.91235
1.61441	0.19668	5.93655	7.91554	14.04841
1.6149	0.1987	5.99745	7.99675	14.19255
1.6154	0.20081	6.06127	8.08184	14.34357
1.61591	0.2028	6.12121	8.16176	14.4854
1.61637	0.20534	6.19814	8.26434	14.66746
1.61687	0.20782	6.27284	8.36394	14.84423
1.61738	0.20975	6.33125	8.44182	14.98244