Time	Ir	Co
					
s	ng cm-2 s-1	ng cm-2 s-1
-378	0.022	0.52201
-376.494	0.04883	0.20468
-374.988	0	0.33059
-373.482	0.07426	0.17397
-371.976	0.03844	0.14912
-370.47	0.0406	0.13917
-368.964	0.06601	0.33712
-367.458	0.04461	0.20561
-365.952	0.0236	0.34799
-364.446	0.06029	0.19883
-362.94	0.03488	0.13917
-361.434	0.08787	0.23198
-359.928	0.04721	0.32313
-358.422	0.04986	0.25586
-356.916	0.21749	0.05796
-355.41	0.15466	0.14912
-353.904	0.01327	0.30932
-352.398	0.02274	0.27186
-350.892	0.19901	0.0994
-349.386	0.06151	0.16569
-347.88	0.05523	0.1353
-346.374	0.24403	0.05796
-344.868	0.15506	0.0773
-343.362	0.00137	1.56563E-4
-341.856	1.32607E-4	1.91141E-4
-340.35	1.37028E-4	1.8667E-4
-338.844	6.36131E-5	9.5889E-5
-337.338	3.00509E-4	1.03113E-4
-335.832	5.74251E-5	1.53759E-4
-334.326	7.26829E-5	1.46995E-4
-332.82	1.25911E-4	1.25447E-4
-331.314	1.02997E-4	6.5852E-5
-329.808	1.00829E-4	1.12394E-4
-328.302	7.37248E-5	1.41224E-4
-326.796	1.07191E-4	1.06346E-4
-325.29	3.79965E-4	1.8642E-6
-323.784	1.29878E-4	1.04775E-4
-322.278	7.36468E-5	1.56007E-4
-320.772	1.16841E-4	1.20952E-4
-319.266	1.32882E-4	9.09388E-5
-317.76	1.43404E-4	8.94781E-5
-316.254	5.83004E-5	1.20135E-4
-314.748	1.61633E-4	9.89653E-5
-313.242	3.05309E-4	8.30439E-5
-311.736	4.87503E-5	1.23056E-4
-310.23	8.14177E-5	1.37292E-4
-308.724	1.3482E-4	6.28596E-5
-307.218	8.18749E-5	9.606E-5
-305.712	1.49358E-4	1.06735E-4
-304.206	5.12322E-4	7.44687E-5
-302.7	2.33922E-4	1.60052E-4
-301.194	1.97817E-4	6.43507E-5
-299.688	6.67901E-5	8.75929E-5
-298.182	1.19768E-4	5.4383E-5
-296.676	5.24022E-5	7.85584E-5
-295.17	4.0969E-5	2.81261E-5
-293.664	1.1298E-4	1.24003E-4
-292.158	7.96102E-5	1.19765E-4
-290.652	8.89961E-5	1.19398E-4
-289.146	6.52313E-5	9.53934E-5
-287.64	7.22486E-5	1.19348E-4
-286.134	1.35638E-4	7.72614E-5
-284.628	2.41563E-4	8.14994E-5
-283.122	8.58723E-5	4.52685E-5
-281.616	1.26719E-4	1.06364E-4
-280.11	4.31786E-5	4.03263E-5
-278.604	8.72577E-5	1.55747E-4
-277.098	9.60122E-5	1.0111E-4
-275.592	8.84674E-5	7.63254E-5
-274.086	6.09558E-5	7.80442E-5
-272.58	1.75252E-4	5.82076E-5
-271.074	6.86195E-5	8.11011E-5
-269.568	3.55875E-5	5.83444E-5
-268.062	7.06481E-5	1.12431E-4
-266.556	2.46775E-4	1.13715E-4
-265.05	1.45861E-4	1.43534E-4
-263.544	4.58555E-5	1.43564E-4
-262.038	8.40488E-5	2.17314E-4
-260.532	8.37929E-5	1.18189E-4
-259.026	2.55044E-4	1.29889E-4
-257.52	1.46281E-4	9.84419E-5
-256.014	4.1655E-5	1.16565E-4
-254.508	8.56367E-5	1.40289E-4
-253.002	3.45627E-5	7.73787E-5
-251.496	6.45648E-5	1.18955E-4
-249.99	1.86136E-5	1.11013E-4
-248.484	1.67753E-4	1.80223E-4
-246.978	1.0847E-4	7.69383E-5
-245.472	5.40549E-5	1.05793E-4
-243.966	8.47411E-5	7.57528E-5
-242.46	5.02876E-5	0
-240.954	3.68306E-5	4.9651E-5
-239.448	7.91144E-5	1.20121E-4
-237.942	5.40579E-5	6.88726E-5
-236.436	9.43203E-5	1.13758E-4
-234.93	1.3925E-4	1.23408E-4
-233.424	1.04515E-4	1.13705E-4
-231.918	8.1118E-5	1.44938E-4
-230.412	4.14104E-5	1.32162E-4
-228.906	6.29936E-5	1.45603E-4
-227.4	1.74655E-4	1.12527E-4
-225.894	6.75444E-5	1.15751E-4
-224.388	5.61943E-5	1.086E-4
-222.882	6.81959E-5	1.56865E-4
-221.376	2.1923E-4	1.13326E-4
-219.87	7.77995E-5	8.47894E-5
-218.364	7.78302E-5	1.44463E-4
-216.858	3.78028E-5	5.06113E-5
-215.352	9.92047E-5	1.45213E-4
-213.845	2.648E-4	2.458E-4
-212.339	6.81953E-5	1.0668E-4
-210.833	5.61085E-5	8.15168E-5
-209.327	4.70884E-5	1.14094E-4
-207.821	6.74776E-5	1.11665E-4
-206.315	1.21324E-4	8.89111E-5
-204.809	1.13137E-4	6.43694E-5
-203.303	8.12999E-5	1.33077E-4
-201.797	4.90813E-5	1.0478E-4
-200.291	8.33453E-5	6.83745E-5
-198.785	8.16922E-6	6.35619E-5
-197.279	5.49407E-5	1.59716E-4
-195.773	8.66989E-5	5.54489E-5
-194.267	1.3533E-4	1.03642E-4
-192.761	6.25352E-5	7.78072E-5
-191.255	4.42934E-5	1.14892E-4
-189.749	8.49922E-6	5.94803E-5
-188.243	6.90543E-5	1.39033E-4
-186.737	1.1391E-4	5.00672E-5
-185.231	7.02112E-5	1.00474E-4
-183.725	5.24673E-5	1.61143E-4
-182.219	7.92842E-5	7.92142E-5
-180.713	2.10644E-4	1.49543E-4
-179.207	7.45901E-5	1.14428E-4
-177.701	6.27537E-5	1.49564E-4
-176.195	4.47409E-5	9.15577E-5
-174.689	5.72582E-5	1.07042E-4
-173.183	3.94751E-5	9.58837E-5
-171.677	9.23626E-5	1.39736E-4
-170.171	1.02008E-4	3.83135E-5
-168.665	7.99893E-5	1.08946E-4
-167.159	8.4768E-5	8.34067E-5
-165.653	2.71218E-5	9.38445E-5
-164.147	9.3646E-5	8.99079E-5
-162.641	7.70432E-5	6.93959E-5
-161.135	1.62107E-5	1.05858E-4
-159.629	7.25141E-5	1.06677E-4
-158.123	4.90825E-5	1.22016E-4
-156.617	1.06412E-4	6.17473E-5
-155.111	6.64572E-5	1.15386E-4
-153.605	3.87944E-5	1.00126E-4
-152.099	3.44329E-5	1.32271E-4
-150.593	0	1.02427E-4
-149.087	4.1434E-5	1.00095E-4
-147.581	1.0809E-4	1.78312E-4
-146.075	8.04298E-5	2.19592E-4
-144.569	3.99491E-5	1.04658E-4
-143.063	3.25791E-5	3.59026E-5
-141.557	5.36817E-5	1.62489E-4
-140.051	3.52109E-4	1.60388E-4
-138.545	1.13689E-4	1.44644E-4
-137.039	5.91067E-5	1.10382E-4
-135.533	4.9603E-5	1.3123E-4
-134.027	1.34663E-4	8.75035E-5
-132.521	4.21792E-5	7.09174E-5
-131.015	1.41592E-4	1.41407E-4
-129.509	4.19526E-5	1.12897E-4
-128.003	6.79346E-5	9.41854E-5
-126.497	2.2158E-4	5.58115E-5
-124.991	5.64625E-5	9.99923E-5
-123.485	1.5627E-5	9.52012E-5
-121.979	2.17144E-4	1.28433E-4
-120.473	6.07767E-5	9.35743E-5
-118.967	5.31003E-5	1.59827E-4
-117.461	7.16698E-5	1.54952E-4
-115.955	4.94237E-5	7.05738E-5
-114.449	5.4611E-5	1.1038E-4
-112.943	1.65474E-4	7.79396E-5
-111.437	7.65932E-5	9.4809E-5
-109.931	9.3128E-6	1.01433E-4
-108.425	9.41709E-5	8.44087E-5
-106.919	6.78398E-5	1.00689E-4
-105.413	7.96173E-5	1.43319E-4
-103.907	6.44332E-5	7.54759E-5
-102.401	1.02192E-4	1.02678E-4
-100.895	1.76937E-5	9.88161E-5
-99.389	9.09883E-6	1.23452E-4
-97.883	8.64099E-5	1.56926E-4
-96.377	6.41281E-5	1.27413E-4
-94.871	5.33219E-5	8.04962E-5
-93.365	2.41444E-5	6.27146E-5
-91.859	2.16388E-4	8.70107E-5
-90.353	6.64887E-5	8.76276E-5
-88.847	2.52743E-5	1.49518E-4
-87.341	1.13474E-4	7.75559E-5
-85.835	6.7627E-5	1.33598E-4
-84.329	6.0628E-5	1.22509E-4
-82.823	4.54926E-5	8.44882E-5
-81.317	1.12742E-4	8.17248E-5
-79.811	7.24475E-5	3.52139E-5
-78.305	1.79039E-5	8.5484E-5
-76.799	5.65873E-5	1.2124E-4
-75.293	5.62561E-5	1.16991E-4
-73.787	3.14183E-5	1.21803E-4
-72.281	5.40755E-5	1.62553E-4
-70.775	6.20893E-5	1.29536E-4
-69.269	3.68357E-5	1.3251E-4
-67.763	2.78049E-5	6.94627E-5
-66.257	3.78125E-5	1.27396E-4
-64.751	3.62153E-5	1.37817E-4
-63.245	7.31179E-5	1.29698E-4
-61.739	1.42747E-4	1.33217E-4
-60.233	2.9102E-5	9.15291E-5
-58.727	1.11558E-4	7.15633E-5
-57.221	2.72009E-5	6.27095E-5
-55.715	5.82013E-5	1.2419E-4
-54.209	1.14251E-4	9.84448E-5
-52.703	4.57637E-5	1.13374E-4
-51.197	2.71778E-5	6.55368E-5
-49.691	4.10164E-5	9.49078E-5
-48.184	8.906E-5	6.88957E-5
-46.678	6.30213E-5	1.34348E-4
-45.172	3.78341E-5	6.8596E-5
-43.666	8.97985E-5	8.58074E-5
-42.16	5.13799E-5	1.04701E-4
-40.654	4.25884E-5	7.91112E-5
-39.148	8.19458E-5	8.07042E-5
-37.642	8.28211E-5	1.21732E-4
-36.136	1.21283E-4	1.32885E-4
-34.63	3.97586E-5	1.04616E-4
-33.124	3.69163E-5	1.20829E-4
-31.618	5.91192E-5	8.465E-5
-30.112	7.54326E-5	1.2425E-4
-28.606	8.78843E-5	1.03538E-4
-27.1	6.4972E-5	2.98254E-5
-25.594	4.93814E-5	3.90535E-5
-24.088	1.35348E-4	9.5087E-5
-22.582	4.70586E-5	1.41584E-4
-21.076	4.69611E-5	6.10047E-5
-19.57	7.35405E-5	2.297E-4
-18.064	1.22938E-4	1.55956E-4
-16.558	4.81134E-5	1.17179E-4
-15.052	1.713E-5	1.75384E-4
-13.546	8.8724E-5	1.09106E-4
-12.04	3.16152E-5	8.49527E-5
-10.534	6.43722E-5	6.08605E-5
-9.028	9.59665E-5	5.49636E-6
-7.522	8.15246E-5	6.52973E-5
-6.016	4.49864E-5	1.12805E-4
-4.51	4.60179E-5	6.77153E-5
-3.004	1.16293E-4	1.71957E-5
-1.498	2.70095E-5	1.17161E-4
0.008	9.62611E-5	1.22906E-4
1.514	3.86327E-5	1.71856E-4
3.02	1.85729E-5	1.03354E-4
4.526	0	9.54676E-5
6.032	6.44731E-5	1.05723E-4
7.538	4.54328E-5	8.07683E-5
9.044	7.61673E-5	9.52526E-5
10.55	7.51538E-5	1.18037E-4
12.056	9.43028E-5	1.98497E-4
13.562	1.32741E-4	0.10828
15.068	5.194E-5	0.42843
16.574	1.20561E-4	0.66858
18.08	1.13214E-4	0.73156
19.586	9.67858E-5	0.75441
21.092	8.43062E-5	0.83059
22.598	6.8255E-5	0.85154
24.104	1.19648E-4	0.8346
25.61	1.12001E-4	0.89407
27.116	9.52645E-5	0.929
28.622	1.13009E-4	0.89803
30.128	1.44081E-4	0.9577
31.634	9.81878E-5	0.94752
33.14	1.3469E-4	0.98171
34.646	5.03995E-5	0.96387
36.152	5.04768E-5	0.95705
37.658	1.31399E-4	0.96199
39.164	8.2422E-5	0.97653
40.67	1.34995E-4	0.96215
42.176	1.5082E-4	0.971
43.682	1.03061E-4	0.90348
45.188	8.63915E-5	0.949
46.694	1.26735E-4	0.91175
48.2	5.55309E-5	0.86151
49.706	5.46889E-5	0.85443
51.212	1.87965E-5	0.85786
52.718	1.84965E-5	0.81308
54.224	7.62971E-5	0.80659
55.73	9.38194E-5	0.76865
57.236	5.68892E-5	0.76162
58.742	7.70052E-5	0.75484
60.248	1.30296E-4	0.73955
61.754	7.67231E-5	0.74308
63.26	1.3113E-4	0.69688
64.766	1.13483E-4	0.65023
66.272	3.85946E-5	0.58075
67.778	2.05333E-4	0.55479
69.284	7.65302E-5	0.55808
70.79	1.16397E-4	0.50531
72.296	7.54826E-5	0.50267
73.802	9.4759E-5	0.4605
75.308	1.89937E-5	0.42544
76.814	9.64672E-5	0.41319
78.32	5.77406E-5	0.39821
79.826	9.69782E-5	0.38133
81.332	1.14423E-4	0.36262
82.838	7.35331E-5	0.33789
84.344	5.21648E-5	0.34051
85.85	8.39192E-5	0.31885
87.356	1.74263E-4	0.29099
88.862	8.9403E-5	0.28322
90.368	1.29848E-4	0.27056
91.874	3.58868E-5	0.25608
93.38	3.73665E-5	0.24646
94.886	1.08945E-4	0.23617
96.392	1.86692E-5	0.23252
97.898	1.11339E-4	0.22801
99.404	1.87902E-5	0.22224
100.91	3.69226E-5	0.21326
102.416	5.68088E-5	0.20046
103.922	1.51293E-4	0.20186
105.428	7.582E-5	0.20457
106.934	5.74174E-5	0.20005
108.44	3.78725E-5	0.18834
109.946	5.82156E-5	0.19136
111.452	9.51601E-5	0.17959
112.958	5.63848E-5	0.17407
114.464	3.8879E-5	0.17872
115.971	1.93581E-5	0.16714
117.477	9.49524E-5	0.16586
118.983	5.61249E-5	0.17107
120.489	0	0.15877
121.995	1.85946E-5	0.16187
123.501	1.87796E-5	0.16757
125.007	1.12728E-4	0.14873
126.513	7.20419E-5	0.16052
128.019	8.57561E-5	0.15852
129.525	3.41658E-5	0.15069
131.031	5.29112E-5	0.15725
132.537	5.33313E-5	0.14739
134.043	1.71737E-5	0.14518
135.549	3.43941E-5	0.14611
137.055	8.56113E-5	0.15921
138.561	3.57851E-5	0.14951
140.067	3.6514E-5	0.14222
141.573	5.37768E-5	0.13973
143.079	9.01154E-5	0.13895
144.585	7.43948E-5	0.13404
146.091	3.74585E-5	0.13235
147.597	9.03977E-5	0.13226
149.103	9.0096E-5	0.13054
150.609	8.96161E-5	0.1233
152.115	5.42884E-5	0.1269
153.621	5.49372E-5	0.13079
155.127	3.6699E-5	0.12575
156.633	7.24766E-5	0.12175
158.139	3.60588E-5	0.12879
159.645	1.10622E-4	0.11827
161.151	9.21643E-5	0.12261
162.657	1.82739E-5	0.11628
164.163	1.88393E-5	0.11318
165.669	0	0.11847
167.175	1.88738E-5	0.11715
168.681	5.32084E-5	0.11689
170.187	5.2598E-5	0.11809
171.693	3.56755E-5	0.11556
173.199	5.42943E-5	0.10875
174.705	3.48182E-5	0.11504
176.211	5.32253E-5	0.10814
177.717	1.79974E-5	0.10755
179.223	5.40619E-5	0.10984
180.729	7.20283E-5	0.1081
182.235	6.73482E-5	0.1071
183.741	1.06133E-4	0.10871
185.247	5.22885E-5	0.11088
186.753	1.77328E-5	0.1101
188.259	1.07796E-4	0.10448
189.765	3.50167E-5	0.10098
191.271	1.72993E-5	0.09658
192.777	3.55873E-5	0.10168
194.283	3.50607E-5	0.09866
195.789	8.74892E-5	0.09459
197.295	1.23326E-4	0.09979
198.801	1.55156E-4	0.09902
200.307	3.59552E-5	0.09372
201.813	5.19301E-5	0.09144
203.319	7.03906E-5	0.09384
204.825	1.53161E-4	0.0899
206.331	1.34647E-4	0.08542
207.837	1.80678E-5	0.08342
209.343	0	0.08582
210.849	1.29888E-4	0.08741
212.355	5.45879E-5	0.08715
213.861	3.70882E-5	0.08771
215.367	1.15974E-4	0.08682
216.873	1.91452E-4	0.08419
218.379	1.66207E-4	0.08691
219.885	5.54971E-5	0.08584
221.391	3.65538E-5	0.08334
222.897	5.35403E-5	0.08375
224.403	8.88431E-5	0.08723
225.909	1.22482E-4	0.08206
227.415	3.56498E-5	0.08998
228.921	3.56802E-5	0.08298
230.427	5.52347E-5	0.08131
231.933	1.43451E-4	0.08198
233.439	5.23198E-5	0.08205
234.945	1.08083E-4	0.08234
236.451	5.68811E-5	0.08092
237.957	1.45213E-4	0.07982
239.463	7.22011E-5	0.0797
240.969	9.71159E-5	0.08285
242.475	1.34678E-4	0.07518
243.981	5.80106E-5	0.07833
245.487	7.60697E-5	0.08115
246.993	7.7096E-5	0.07563
248.499	7.89049E-5	0.07817
250.005	3.73926E-5	0.08197
251.511	1.30216E-4	0.08014
253.017	5.635E-5	0.0758
254.523	1.10149E-4	0.07514
256.029	1.13682E-4	0.08104
257.535	1.96356E-4	0.07779
259.041	9.29806E-5	0.07888
260.547	1.82674E-5	0.07595
262.053	7.00334E-5	0.07825
263.559	1.44173E-4	0.07773
265.065	1.04932E-4	0.07387
266.571	1.99738E-4	0.07821
268.077	3.68029E-5	0.07669
269.583	8.92006E-5	0.07675
271.089	9.00524E-5	0.07471
272.595	3.60064E-5	0.07666
274.101	1.82739E-5	0.07866
275.607	1.4244E-4	0.07396
277.113	8.59367E-5	0.07672
278.619	1.40427E-4	0.08104
280.125	5.29656E-5	0.07479
281.632	1.23349E-4	0.07237
283.138	7.18968E-5	0.07455
284.644	8.83693E-5	0.07487
286.15	5.2649E-5	0.06871
287.656	8.81459E-5	0.0701
289.162	1.22392E-4	0.07272
290.668	1.21965E-4	0.07218
292.174	6.88271E-5	0.07015
293.68	1.69368E-5	0.06666
295.186	3.50617E-5	0.07259
296.692	8.66219E-5	0.06905
298.198	1.06296E-4	0.07735
299.704	7.17101E-5	0.07981
301.21	1.24718E-4	0.08622
302.716	1.22938E-4	0.10669
304.222	7.16717E-5	0.1276
305.728	3.51593E-5	0.13844
307.234	3.58243E-5	0.17293
308.74	3.51334E-5	0.19197
310.246	1.205E-4	0.22364
311.752	5.32677E-5	0.25331
313.258	8.773E-5	0.28131
314.764	1.806E-5	0.31459
316.27	5.43943E-5	0.34579
317.776	8.94341E-5	0.38505
319.282	1.30459E-4	0.44192
320.788	1.44231E-4	0.44042
322.294	3.79433E-5	0.47679
323.8	3.58196E-5	0.50791
325.306	1.77927E-5	0.52684
326.812	1.93977E-4	0.56949
328.318	7.33519E-5	0.61167
329.824	1.30506E-4	0.62666
331.33	1.25621E-4	0.65119
332.836	1.49654E-4	0.6732
334.342	1.87052E-5	0.65
335.848	1.46459E-4	0.64259
337.354	1.47662E-4	0.67343
338.86	7.53785E-5	0.6924
340.366	1.10832E-4	0.67691
341.872	1.10902E-4	0.65848
343.378	1.30492E-4	0.67945
344.884	1.5022E-4	0.61229
346.39	5.54405E-5	0.63079
347.896	9.48717E-5	0.63049
349.402	1.50541E-4	0.60738
350.908	9.54937E-5	0.57467
352.414	9.52223E-5	0.58701
353.92	1.90949E-5	0.54556
355.426	1.34054E-4	0.51504
356.932	1.19508E-4	0.51439
358.438	1.49972E-4	0.50231
359.944	1.18493E-4	0.47557
361.45	9.13397E-5	0.47202
362.956	1.14143E-4	0.43632
364.462	7.41827E-5	0.41334
365.968	7.34807E-5	0.40623
367.474	9.19088E-5	0.40051
368.98	6.99749E-5	0.39913
370.486	7.19123E-5	0.37523
371.992	7.40617E-5	0.34965
373.498	8.76886E-5	0.35135
375.004	1.25563E-4	0.33352
376.51	7.45003E-5	0.32852
378.016	1.40852E-4	0.31091
379.522	5.18912E-5	0.30287
381.028	2.15096E-4	0.29887
382.534	8.61513E-5	0.28775
384.04	1.04081E-4	0.28231
385.546	1.05948E-4	0.29051
387.052	1.54654E-4	0.27458
388.558	1.71565E-4	0.26981
390.064	1.22603E-4	0.26135
391.57	1.54413E-4	0.24907
393.076	1.6102E-4	0.25648
394.582	9.05394E-5	0.24699
396.088	1.26138E-4	0.2315
397.594	5.42298E-5	0.23129
399.1	5.33214E-5	0.22541
400.606	1.77019E-4	0.21668
402.112	1.77766E-4	0.21802
403.618	1.46933E-4	0.21443
405.124	7.13072E-5	0.20685
406.63	1.2731E-4	0.19621
408.136	7.0952E-5	0.18775
409.642	0	0.18436
411.148	1.0898E-4	0.18558
412.654	1.0853E-4	0.17726
414.16	5.38244E-5	0.17521
415.666	7.28908E-5	0.16691
417.172	1.09572E-4	0.1627
418.678	1.48419E-4	0.15074
420.184	7.38677E-5	0.14737
421.69	1.32244E-4	0.14548
423.196	2.04569E-4	0.14168
424.702	7.39737E-5	0.12865
426.208	3.72305E-5	0.12923
427.714	1.55674E-4	0.12916
429.22	1.63311E-4	0.12509
430.726	1.30104E-4	0.11894
432.232	5.53763E-5	0.11329
433.738	9.20959E-5	0.11223
435.244	2.36464E-4	0.10482
436.75	1.15674E-4	0.10672
438.256	1.19122E-4	0.10734
439.762	9.72823E-5	0.10065
441.268	1.15968E-4	0.09735
442.774	9.72259E-5	0.09887
444.28	9.80481E-5	0.09665
445.787	1.92579E-5	0.09018
447.293	5.78037E-5	0.08704
448.799	9.40697E-5	0.08734
450.305	5.85325E-5	0.08429
451.811	1.11648E-4	0.08219
453.317	9.60551E-5	0.08367
454.823	9.73219E-5	0.08337
456.329	1.15524E-4	0.07788
457.835	2.06166E-4	0.07835
459.341	5.56971E-5	0.07972
460.847	9.27849E-5	0.07413
462.353	1.08281E-4	0.07619
463.859	8.99604E-5	0.07568
465.365	5.40038E-5	0.07181
466.871	1.06369E-4	0.07385
468.377	5.49763E-5	0.07383
469.883	1.04954E-4	0.0697
471.389	8.65927E-5	0.06979
472.895	5.15832E-5	0.06962
474.401	6.98909E-5	0.06825
475.907	3.44313E-5	0.06863
477.413	3.45753E-5	0.06194
478.919	1.06451E-4	0.06605
480.425	1.0287E-4	0.06272
481.931	1.41803E-4	0.063
483.437	5.41406E-5	0.06145
484.943	7.16161E-5	0.06264
486.449	8.71951E-5	0.05909
487.955	1.04719E-4	0.06004
489.461	3.50929E-5	0.05752
490.967	1.22575E-4	0.05711
492.473	5.30524E-5	0.05337
493.979	1.79593E-5	0.05395
495.485	9.02125E-5	0.0558
496.991	1.8155E-5	0.05121
498.497	3.55504E-5	0.05315
500.003	1.09235E-4	0.05455
501.509	0	0.05133
503.015	3.71768E-5	0.05056
504.521	7.47727E-5	0.04811
506.027	1.06175E-4	0.0481
507.533	1.49204E-4	0.0496
509.039	3.80305E-5	0.05442
510.545	9.50386E-5	0.04796
512.051	9.35468E-5	0.04839
513.557	9.529E-5	0.04636
515.063	1.10887E-4	0.04767
516.569	3.7078E-5	0.04697
518.075	1.91665E-5	0.04698
519.581	7.40678E-5	0.0427
521.087	1.83762E-5	0.04607
522.593	9.16723E-5	0.04113
524.099	1.12181E-4	0.04179
525.605	1.14877E-4	0.0413
527.111	7.41149E-5	0.0437
528.617	9.28672E-5	0.04226
530.123	5.69649E-5	0.04555
531.629	7.69036E-5	0.03937
533.135	1.3575E-4	0.04072
534.641	1.947E-5	0.04081
536.147	9.90421E-5	0.04099
537.653	1.15681E-4	0.0391
539.159	7.84155E-5	0.03793
540.665	1.32772E-4	0.03924
542.171	3.7379E-5	0.03986
543.677	7.55507E-5	0.04108
545.183	5.40053E-5	0.03805
546.689	1.47666E-4	0.03782
548.195	7.34887E-5	0.03832
549.701	3.69257E-5	0.03732
551.207	7.46602E-5	0.0376
552.713	1.50478E-4	0.03802
554.219	1.63462E-4	0.03634
555.725	1.51417E-4	0.03605
557.231	9.7902E-5	0.03736
558.737	5.82257E-5	0.03983
560.243	1.30368E-4	0.03829
561.749	1.13936E-4	0.03485
563.255	7.62841E-5	0.03527
564.761	9.45316E-5	0.03531
566.267	9.35756E-5	0.03498
567.773	5.61657E-5	0.03559
569.279	1.86261E-4	0.03381
570.785	1.57749E-4	0.03529
572.291	1.24183E-4	0.03463
573.797	7.06749E-5	0.03479
575.303	1.44879E-4	0.03359
576.809	1.10197E-4	0.03604
578.315	2.15928E-4	0.03384
579.821	1.10798E-4	0.03371
581.327	1.62879E-4	0.03325
582.833	8.96761E-5	0.03448
584.339	1.07588E-4	0.03311
585.845	7.29384E-5	0.03364
587.351	1.92819E-4	0.03298
588.857	9.17225E-5	0.03254
590.363	9.27206E-5	0.03274
591.869	3.65578E-5	0.03134
593.375	1.0822E-4	0.03204
594.881	9.25106E-5	0.03235
596.387	8.96593E-5	0.03219
597.893	7.25905E-5	0.0323
599.399	1.08051E-4	0.03226
600.905	1.2949E-4	0.03232
602.411	3.6944E-5	0.03041
603.917	1.32098E-4	0.03066
605.423	2.02161E-4	0.02887
606.929	5.7262E-5	0.02864
608.435	9.17426E-5	0.02709
609.941	7.45501E-5	0.02799
611.448	3.8116E-5	0.03095
612.954	3.71088E-5	0.0278
614.46	7.30817E-5	0.02881
615.966	1.66722E-4	0.02847
617.472	9.3307E-5	0.02783
618.978	1.32711E-4	0.02794
620.484	1.29866E-4	0.02751
621.99	1.50952E-4	0.02914
623.496	5.7729E-5	0.02833
625.002	1.93107E-4	0.02758
626.508	5.65228E-5	0.02753
628.014	1.15217E-4	0.02597
629.52	1.12785E-4	0.02707
631.026	9.55183E-5	0.02573
632.532	7.40637E-5	0.02578
634.038	9.81055E-5	0.026
635.544	7.66616E-5	0.02586
637.05	1.36959E-4	0.02593
638.556	9.35076E-5	0.02867
640.062	1.28549E-4	0.02734
641.568	5.58986E-5	0.02433
643.074	1.34265E-4	0.02577
644.58	5.80793E-5	0.02641
646.086	9.30944E-5	0.02667
647.592	7.35452E-5	0.02599
649.098	5.56354E-5	0.02522
650.604	1.49537E-4	0.02567
652.11	1.52114E-4	0.02546
653.616	7.48542E-5	0.02469
655.122	2.05608E-4	0.02455
656.628	1.28071E-4	0.0251
658.134	9.17527E-5	0.02519
659.64	9.53361E-5	0.02387
661.146	5.89116E-5	0.02383
662.652	1.61328E-4	0.02505
664.158	1.95621E-4	0.02711
665.664	1.39272E-4	0.02927
667.17	7.55869E-5	0.03288
668.676	1.60921E-4	0.03698
670.182	1.64983E-4	0.04076
671.688	8.70749E-5	0.04238
673.194	1.60194E-4	0.05105
674.7	1.10152E-4	0.05361
676.206	9.19745E-5	0.05635
677.712	1.76589E-5	0.06428
679.218	5.45716E-5	0.06991
680.724	1.26519E-4	0.07314
682.23	7.24982E-5	0.08362
683.736	1.8868E-4	0.08386
685.242	2.25268E-4	0.09011
686.748	5.7912E-5	0.09953
688.254	7.22635E-5	0.10752
689.76	1.61681E-4	0.11056
691.266	1.06867E-4	0.10847
692.772	2.72599E-4	0.11482
694.278	1.4893E-4	0.1285
695.784	9.10095E-5	0.12774
697.29	7.33619E-5	0.12542
698.796	1.47289E-4	0.13337
700.302	1.47394E-4	0.13457
701.808	1.67822E-4	0.13509
703.314	3.65868E-5	0.14223
704.82	7.57622E-5	0.14235
706.326	2.05987E-4	0.13851
707.832	1.27555E-4	0.14156
709.338	7.4119E-5	0.14842
710.844	1.13467E-4	0.14576
712.35	7.69522E-5	0.14541
713.856	1.71108E-4	0.13378
715.362	1.91255E-4	0.13662
716.868	1.29533E-4	0.14909
718.374	9.5472E-5	0.13108
719.88	7.74301E-5	0.14217
721.386	1.31546E-4	0.13619
722.892	1.71776E-4	0.1341
724.398	5.92711E-5	0.12976
725.904	1.31307E-4	0.12931
727.41	2.94844E-4	0.13601
728.916	2.14682E-4	0.12153
730.422	7.77784E-5	0.12742
731.928	1.1683E-4	0.12282
733.434	5.80776E-5	0.11754
734.94	1.36381E-4	0.11737
736.446	3.80348E-5	0.11273
737.952	5.86418E-5	0.11307
739.458	2.16797E-4	0.11126
740.964	7.69566E-5	0.10601
742.47	1.31259E-4	0.10816
743.976	1.50961E-4	0.11069
745.482	1.11816E-4	0.09859
746.988	1.47414E-4	0.09926
748.494	7.5921E-5	0.10056
750	2.09471E-4	0.10357
751.506	1.13563E-4	0.09842
753.012	2.66736E-4	0.09507
754.518	2.10717E-4	0.09512
756.024	9.44863E-5	0.09452
757.53	1.92602E-4	0.08812
759.036	1.74778E-4	0.08593
760.542	7.45169E-5	0.08569
762.048	7.37538E-5	0.08358
763.554	1.52248E-4	0.08031
765.06	1.67542E-4	0.08107
766.566	5.58628E-5	0.07596
768.072	7.49862E-5	0.0763
769.578	1.67407E-4	0.07509
771.084	1.31565E-4	0.07287
772.59	8.96857E-5	0.07097
774.096	1.59019E-4	0.06535
775.602	1.25624E-4	0.06703
777.109	2.34933E-4	0.06472
778.615	1.77329E-4	0.06179
780.121	9.29239E-5	0.06088
781.627	5.55217E-5	0.06092
783.133	1.27061E-4	0.05616
784.639	1.29748E-4	0.05723
786.145	1.12442E-4	0.05398
787.651	1.86875E-4	0.05256
789.157	1.09665E-4	0.05353
790.663	5.57018E-5	0.05212
792.169	1.2691E-4	0.04923
793.675	1.51636E-4	0.04901
795.181	9.47509E-5	0.04612
796.687	3.78458E-5	0.04263
798.193	7.71893E-5	0.04479
799.699	1.31835E-4	0.04317
801.205	1.09847E-4	0.0423
802.711	5.46309E-5	0.04186
804.217	7.43762E-5	0.03979
805.723	1.51902E-4	0.04174
807.229	2.03675E-4	0.03942
808.735	9.25131E-5	0.03762
810.241	1.30405E-4	0.0387
811.747	9.19139E-5	0.03577
813.253	1.30112E-4	0.03464
814.759	1.1093E-4	0.03572
816.265	1.93023E-4	0.03374
817.771	1.11633E-4	0.03272
819.277	1.10388E-4	0.03387
820.783	1.0873E-4	0.03392
822.289	5.53016E-5	0.03612
823.795	1.12479E-4	0.03237
825.301	1.66446E-4	0.0319
826.807	1.12165E-4	0.03122
828.313	9.35285E-5	0.0322
829.819	1.13419E-4	0.03111
831.325	1.13265E-4	0.02998
832.831	9.32785E-5	0.0305
834.337	1.68932E-4	0.02983
835.843	9.48233E-5	0.03159
837.349	3.69889E-5	0.02855
838.855	5.74206E-5	0.02842
840.361	1.72134E-4	0.02746
841.867	3.78543E-5	0.02869
843.373	7.98877E-5	0.02856
844.879	1.54006E-4	0.02934
846.385	1.95479E-4	0.02817
847.891	1.22235E-4	0.02786
849.397	9.78363E-5	0.02632
850.903	1.35487E-4	0.0275
852.409	1.78213E-4	0.02737
853.915	3.8999E-5	0.02572
855.421	3.8598E-5	0.02557
856.927	1.3635E-4	0.02569
858.433	1.14864E-4	0.02503
859.939	7.57514E-5	0.02551
861.445	5.70701E-5	0.02583
862.951	1.30539E-4	0.02428
864.457	3.82433E-5	0.02639
865.963	9.53714E-5	0.02488
867.469	7.64975E-5	0.0238
868.975	5.63468E-5	0.02419
870.481	1.32926E-4	0.02577
871.987	3.76152E-5	0.02358
873.493	9.40935E-5	0.02374
874.999	3.69318E-5	0.02393
876.505	5.40198E-5	0.02467
878.011	5.33752E-5	0.02239
879.517	9.00112E-5	0.02415
881.023	1.23171E-4	0.02214
882.529	7.08582E-5	0.02347
884.035	3.55561E-5	0.02286
885.541	1.06768E-4	0.02248
887.047	1.22838E-4	0.02341
888.553	9.08243E-5	0.0233
890.059	5.38301E-5	0.02317
891.565	1.08124E-4	0.02163
893.071	1.67309E-4	0.02181
894.577	1.27705E-4	0.0221
896.083	1.83556E-4	0.02062
897.589	9.03806E-5	0.02171
899.095	1.46579E-4	0.02181
900.601	3.67797E-5	0.02132
902.107	1.29101E-4	0.02173
903.613	1.53772E-4	0.02165
905.119	1.34093E-4	0.02016
906.625	3.73707E-5	0.02195
908.131	1.12931E-4	0.02029
909.637	9.4433E-5	0.02065
911.143	9.61571E-5	0.0209
912.649	9.61654E-5	0.01982
914.155	9.85963E-5	0.01957
915.661	1.33745E-4	0.01992
917.167	1.96505E-4	0.02062
918.673	5.70912E-5	0.01942
920.179	7.7632E-5	0.01991
921.685	9.64644E-5	0.0202
923.191	1.13339E-4	0.01959
924.697	1.48786E-4	0.0187
926.203	1.16075E-4	0.01977
927.709	6.01272E-5	0.01817
929.215	6.0418E-5	0.01877
930.721	1.42392E-4	0.01867
932.227	1.36473E-4	0.01825
933.733	1.21007E-4	0.01769
935.239	1.18336E-4	0.01874
936.745	1.59348E-4	0.01969
938.251	5.98444E-5	0.01802
939.757	7.82507E-5	0.01804
941.264	1.3982E-4	0.0184
942.77	3.71964E-5	0.01806
944.276	9.51276E-5	0.01874
945.782	1.18784E-4	0.01713
947.288	1.31384E-4	0.01812
948.794	1.15448E-4	0.01853
950.3	9.74011E-5	0.01878
951.806	5.66598E-5	0.01784
953.312	1.67495E-4	0.01762
954.818	1.49734E-4	0.01697
956.324	9.38719E-5	0.0171
957.83	1.72183E-4	0.01835
959.336	1.26948E-4	0.01759
960.842	1.69716E-4	0.0167
962.348	1.26982E-4	0.01753
963.854	7.55507E-5	0.01866
965.36	1.2798E-4	0.01677
966.866	1.31028E-4	0.0167
968.372	3.72906E-5	0.01729
969.878	9.27489E-5	0.01642
971.384	7.23064E-5	0.0181
972.89	7.2871E-5	0.01724
974.396	7.1787E-5	0.01604
975.902	8.73225E-5	0.01669
977.408	5.37423E-5	0.01738
978.914	1.81191E-5	0.01613
980.42	9.22125E-5	0.01703
981.926	1.26519E-4	0.01703
983.432	9.44224E-5	0.01689
984.938	1.08862E-4	0.01596
986.444	9.202E-5	0.01645
987.95	5.49207E-5	0.01552
989.456	1.12297E-4	0.0172
990.962	1.62676E-4	0.01703
992.468	1.29326E-4	0.01673
993.974	1.08739E-4	0.01632
995.48	1.2733E-4	0.01645
996.986	1.28253E-4	0.01719
998.492	1.28348E-4	0.01535
999.998	3.79809E-5	0.01525
1001.504	1.35951E-4	0.01657
1003.01	9.4585E-5	0.01691
1004.516	1.67677E-4	0.01664
1006.022	9.26565E-5	0.01662
1007.528	3.79433E-5	0.01756
1009.034	7.56274E-5	0.01666
1010.54	1.84924E-5	0.01594
1012.046	1.85987E-4	0.01631
1013.552	1.45706E-4	0.01648
1015.058	5.53229E-5	0.01616
1016.564	1.12795E-4	0.01582
1018.07	5.7049E-5	0.01504
1019.576	1.32046E-4	0.01557
1021.082	1.09763E-4	0.01597
1022.588	1.09117E-4	0.017
1024.094	1.63095E-4	0.01644
1025.6	8.92743E-5	0.01795
1027.106	2.03952E-4	0.01889
1028.612	7.41026E-5	0.02009
1030.118	9.16823E-5	0.02268
1031.624	1.26253E-4	0.02538
1033.13	1.4765E-4	0.02812
1034.636	5.73567E-5	0.03094
1036.142	7.93721E-5	0.03215
1037.648	1.94136E-5	0.03706
1039.154	1.7547E-4	0.03705
1040.66	5.69956E-5	0.04303
1042.166	7.73609E-5	0.04716
1043.672	9.61047E-5	0.04838
1045.178	6.0138E-5	0.05172
1046.684	1.18211E-4	0.05482
1048.19	1.35836E-4	0.05998
1049.696	1.18406E-4	0.06598
1051.202	9.39905E-5	0.06885
1052.708	2.18668E-4	0.06864
1054.214	9.92975E-5	0.07105
1055.72	1.3843E-4	0.07636
1057.226	1.54241E-4	0.07918
1058.732	5.65578E-5	0.0778
1060.238	1.15724E-4	0.08132
1061.744	1.73706E-4	0.08496
1063.25	7.53404E-5	0.08605
1064.756	1.28729E-4	0.08657
1066.262	5.48247E-5	0.09287
1067.768	1.25627E-4	0.09279
1069.274	1.68159E-4	0.08887
1070.78	9.2485E-5	0.0893
1072.286	1.43643E-4	0.09046
1073.792	1.26277E-4	0.09033
1075.298	1.49759E-4	0.09202
1076.804	7.22362E-5	0.09121
1078.31	7.20943E-5	0.08518
1079.816	2.03072E-4	0.07287
1081.322	2.07206E-4	0.07515
1082.828	1.62051E-4	0.07167
1084.334	9.49174E-5	0.0916
1085.84	3.16683E-4	0.09997
1087.346	2.20969E-4	0.10187
1088.852	2.17289E-4	0.09633
1090.358	9.67067E-5	0.09753
1091.864	1.89427E-4	0.08811
1093.37	1.52062E-4	0.08717
1094.876	1.34116E-4	0.08384
1096.382	9.07874E-5	0.08376
1097.888	1.50284E-4	0.08382
1099.394	1.24897E-4	0.08055
1100.9	1.63533E-4	0.07511
1102.406	1.52019E-4	0.07397
1103.912	1.10312E-4	0.07095
1105.418	8.81714E-5	0.07516
1106.925	7.35897E-5	0.07299
1108.431	5.39328E-5	0.07086
1109.937	1.461E-4	0.06882
1111.443	1.24884E-4	0.06913
1112.949	1.42372E-4	0.0651
1114.455	2.03619E-4	0.06577
1115.961	1.30539E-4	0.06501
1117.467	1.3055E-4	0.0591
1118.973	1.65691E-4	0.05801
1120.479	1.84385E-4	0.05812
1121.985	1.48868E-4	0.05569
1123.491	1.31086E-4	0.05376
1124.997	5.41918E-5	0.05654
1126.503	5.43457E-5	0.05098
1128.009	1.46279E-4	0.05152
1129.515	5.48577E-5	0.04824
1131.021	1.62278E-4	0.04765
1132.527	7.37314E-5	0.04617
1134.033	1.09947E-4	0.0438
1135.539	1.09324E-4	0.04122
1137.045	5.4762E-5	0.04114
1138.551	1.27858E-4	0.04072
1140.057	1.26996E-4	0.03963
1141.563	5.48083E-5	0.03869
1143.069	2.01057E-4	0.03709
1144.575	9.29187E-5	0.03525
1146.081	3.62923E-5	0.03517
1147.587	5.62144E-5	0.03327
1149.093	8.00643E-5	0.03261
1150.599	1.94599E-4	0.03318
1152.105	7.76207E-5	0.03266
1153.611	2.16784E-4	0.03249
1155.117	1.32501E-4	0.03154
1156.623	1.98683E-5	0.02989
1158.129	1.79587E-4	0.02811
1159.635	5.74814E-5	0.02748
1161.141	5.55816E-5	0.02836
1162.647	7.7096E-5	0.02847
1164.153	9.50656E-5	0.026
1165.659	3.90103E-5	0.02526
1167.165	7.68507E-5	0.02482
1168.671	3.88779E-5	0.02346
1170.177	1.40608E-4	0.0246
1171.683	1.35954E-4	0.02366
1173.189	5.96297E-5	0.02303
1174.695	1.28743E-4	0.02344
1176.201	9.43692E-5	0.02266
1177.707	1.85078E-4	0.02347
1179.213	1.93422E-4	0.0232
1180.719	1.26499E-4	0.02171
1182.225	1.7552E-5	0.02137
1183.731	3.55127E-5	0.02269
1185.237	8.70341E-5	0.02186
1186.743	1.45465E-4	0.02205
1188.249	1.05758E-4	0.02175
1189.755	1.56743E-4	0.02211
1191.261	8.89564E-5	0.02127
1192.767	1.43941E-4	0.01959
1194.273	1.10403E-4	0.01975
1195.779	7.53001E-5	0.02117
1197.285	1.81811E-5	0.02053
1198.791	1.4374E-4	0.02117
1200.297	5.5256E-5	0.01953
1201.803	9.4489E-5	0.02046
1203.309	9.32837E-5	0.01804
1204.815	1.30187E-4	0.01973
1206.321	7.64342E-5	0.01917
1207.827	3.62011E-5	0.01975
1209.333	3.75204E-5	0.01886
1210.839	7.43618E-5	0.0175
1212.345	7.38107E-5	0.01903
1213.851	5.40125E-5	0.01851
1215.357	7.5165E-5	0.01866
1216.863	9.25234E-5	0.01788
1218.369	1.11197E-4	0.01831
1219.875	1.12678E-4	0.01788
1221.381	5.83524E-5	0.01624
1222.887	7.75893E-5	0.01828
1224.393	9.34294E-5	0.0164
1225.899	1.51576E-4	0.01684
1227.405	5.80525E-5	0.01687
1228.911	5.72114E-5	0.01647
1230.417	1.14322E-4	0.01735
1231.923	7.65937E-5	0.01723
1233.429	7.68661E-5	0.01622
1234.935	7.45667E-5	0.01718
1236.441	5.55247E-5	0.01761
1237.947	3.83133E-5	0.0167
1239.453	1.13691E-4	0.0167
1240.959	7.80957E-5	0.01626
1242.465	9.23728E-5	0.017
1243.971	1.14599E-4	0.01645
1245.477	1.30075E-4	0.01655
1246.983	9.86805E-5	0.01508
1248.489	7.46477E-5	0.01593
1249.995	7.56637E-5	0.01671
1251.501	1.90153E-4	0.01625
1253.007	1.12571E-4	0.01656
1254.513	1.94333E-4	0.01596
1256.019	1.5249E-4	0.0151
1257.525	1.32449E-4	0.01583
1259.031	1.52821E-4	0.01656
1260.537	7.72716E-5	0.01595
1262.043	7.34444E-5	0.01629
1263.549	5.68296E-5	0.0155
1265.055	2.16114E-4	0.01597
1266.561	1.29899E-4	0.0142
1268.067	9.52088E-5	0.01567
1269.573	1.13643E-4	0.01581
1271.08	1.75409E-4	0.01532
1272.586	7.78326E-5	0.01468
1274.092	1.91162E-5	0.01387
1275.598	1.00176E-4	0.01515
1277.104	1.00326E-4	0.01483
1278.61	1.00425E-4	0.01477
1280.116	1.00504E-4	0.0151
1281.622	1.21189E-4	0.01301
1283.128	1.41995E-4	0.01449
1284.634	7.87727E-5	0.01493
1286.14	3.90342E-5	0.01313
1287.646	9.82119E-5	0.01414
1289.152	1.118E-4	0.0142
1290.658	7.48939E-5	0.01408
1292.164	1.2863E-4	0.01467
1293.67	9.03294E-5	0.01342
1295.176	7.39472E-5	0.01316
1296.682	7.14232E-5	0.0145
1298.188	1.25449E-4	0.01402
1299.694	1.67463E-4	0.01388
1301.2	9.04172E-5	0.01291
1302.706	5.47262E-5	0.01393
1304.212	9.2485E-5	0.01376
1305.718	7.25611E-5	0.01365
1307.224	1.07419E-4	0.0138
1308.73	1.07387E-4	0.01409
1310.236	7.30877E-5	0.01321
1311.742	5.61422E-5	0.01313
1313.248	1.09031E-4	0.01344
1314.754	1.0992E-4	0.01355
1316.26	1.10448E-4	0.01354
1317.766	1.24675E-4	0.01375
1319.272	1.28201E-4	0.01296
1320.778	1.79819E-5	0.01293
1322.284	1.10549E-4	0.01377
1323.79	1.4429E-4	0.01315
1325.296	9.13073E-5	0.01388
1326.802	7.30239E-5	0.01366
1328.308	1.50406E-4	0.01349
1329.814	1.62993E-4	0.01174
1331.32	1.44103E-4	0.01305
1332.826	5.41377E-5	0.01298
1334.332	1.71615E-4	0.0126
1335.838	1.1195E-4	0.01238
1337.344	1.09823E-4	0.01248
1338.85	1.09581E-4	0.01286
1340.356	7.23279E-5	0.01254
1341.862	3.69807E-5	0.01282
1343.368	3.70646E-5	0.0122
1344.874	1.48777E-4	0.01279
1346.38	3.55636E-5	0.0126
1347.886	1.26858E-4	0.01138
1349.392	1.27754E-4	0.01171
1350.898	9.09008E-5	0.01232
1352.404	1.88113E-5	0.01246
1353.91	8.99677E-5	0.01276
1355.416	9.24748E-5	0.01258
1356.922	1.46475E-4	0.0119
1358.428	1.8577E-5	0.01245
1359.934	1.28253E-4	0.012
1361.44	1.11268E-4	0.01192
1362.946	1.87733E-5	0.012
1364.452	7.39472E-5	0.01216
1365.958	1.29197E-4	0.01166
1367.464	9.51385E-5	0.0125
1368.97	5.74288E-5	0.01156
1370.476	7.64059E-5	0.01168
1371.982	1.17031E-4	0.01182
1373.488	1.4033E-4	0.01125
1374.994	1.13852E-4	0.0108
1376.5	3.74794E-5	0.01147
1378.006	9.46305E-5	0.01126
1379.512	7.43247E-5	0.01139
1381.018	1.34802E-4	0.01152
1382.524	5.90379E-5	0.01235
1384.03	5.58364E-5	0.01158
1385.536	1.32061E-4	0.01268
1387.042	1.12435E-4	0.01314
1388.548	7.72828E-5	0.01475
1390.054	5.54451E-5	0.01501
1391.56	7.36099E-5	0.01632
1393.066	9.52819E-5	0.01846
1394.572	7.31216E-5	0.02022
1396.078	1.76003E-4	0.02234
1397.584	1.18935E-4	0.02331
1399.09	1.59107E-4	0.02383
1400.596	6.03129E-5	0.02846
1402.102	7.92267E-5	0.03195
1403.608	9.95423E-5	0.034
1405.114	1.94091E-5	0.03598
1406.62	1.36326E-4	0.03702
1408.126	1.36584E-4	0.04156
1409.632	5.80575E-5	0.04132
1411.138	1.55742E-4	0.04412
1412.644	5.85138E-5	0.05223
1414.15	7.42011E-5	0.05312
1415.656	7.4399E-5	0.05238
1417.162	9.44437E-5	0.05646
1418.668	1.30122E-4	0.05725
1420.174	1.67784E-4	0.0584
1421.68	2.02528E-4	0.06033
1423.186	7.44776E-5	0.06256
1424.692	1.09718E-4	0.06262
1426.198	3.83846E-5	0.06664
1427.704	1.44434E-4	0.06616
1429.21	3.62589E-5	0.06943
1430.716	1.28545E-4	0.06391
1432.222	1.50512E-4	0.06881
1433.728	1.6474E-4	0.06628
1435.234	1.80503E-4	0.07124
1436.741	8.90203E-5	0.06948
1438.247	1.07536E-4	0.06822
1439.753	7.32917E-5	0.06963
1441.259	5.4579E-5	0.06446
1442.765	7.22849E-5	0.06402
1444.271	9.0288E-5	0.06901
1445.777	1.06029E-4	0.06868
1447.283	1.28026E-4	0.06646
1448.789	1.09862E-4	0.06828
1450.295	1.0885E-4	0.06447
1451.801	1.51623E-4	0.06422
1453.307	9.00911E-5	0.06328
1454.813	1.24347E-4	0.06445
1456.319	9.08589E-5	0.06329
1457.825	7.13433E-5	0.06497
1459.331	1.66856E-4	0.06087
1460.837	5.50742E-5	0.05994
1462.343	1.49196E-4	0.06025
1463.849	1.81516E-4	0.05961
1465.355	9.26283E-5	0.05789
1466.861	1.31024E-4	0.05753
1468.367	1.2766E-4	0.05734
1469.873	1.25419E-4	0.05565
1471.379	1.09137E-4	0.05315
1472.885	7.24198E-5	0.05437
1474.391	1.79415E-5	0.05023
1475.897	1.25108E-4	0.04943
1477.403	9.43506E-5	0.05064
1478.909	7.32576E-5	0.04918
1480.415	1.61046E-4	0.04898
1481.921	3.70831E-5	0.04628
1483.427	1.28401E-4	0.04619
1484.933	1.47638E-4	0.04265
1486.439	1.09342E-4	0.04123
1487.945	7.22927E-5	0.04249
1489.451	3.73218E-5	0.04092
1490.957	1.11623E-4	0.04013
1492.463	7.3372E-5	0.03896
1493.969	9.2139E-5	0.03784
1495.475	1.11688E-4	0.03604
1496.981	1.29672E-4	0.0369
1498.487	1.81585E-4	0.0357
1499.993	1.07496E-4	0.03143
1501.499	8.98132E-5	0.03078
1503.005	1.41961E-4	0.02955
1504.511	1.66386E-4	0.03008
1506.017	1.26783E-4	0.0292
1507.523	9.29987E-5	0.02908
1509.029	2.0179E-4	0.02719
1510.535	1.45402E-4	0.02842
1512.041	7.33418E-5	0.02622
1513.547	1.09185E-4	0.02573
1515.053	1.30528E-4	0.02619
1516.559	9.24416E-5	0.02436
1518.065	1.47744E-4	0.0243
1519.571	5.54925E-5	0.02346
1521.077	1.34066E-4	0.02264
1522.583	1.50296E-4	0.02284
1524.089	1.33171E-4	0.0216
1525.595	1.32967E-4	0.02197
1527.101	7.56958E-5	0.02153
1528.607	0	0.02055
1530.113	5.64228E-5	0.02124
1531.619	3.72688E-5	0.02028
1533.125	7.65784E-5	0.02015
1534.631	1.11788E-4	0.01851
1536.137	7.69986E-5	0.0194
1537.643	5.83795E-5	0.01986
1539.149	9.4247E-5	0.01837
1540.655	7.25394E-5	0.01806
1542.161	3.70196E-5	0.01916
1543.667	7.69632E-5	0.01827
1545.173	1.11838E-4	0.01771
1546.679	7.38962E-5	0.01803
1548.185	8.9537E-5	0.01783
1549.691	3.84253E-5	0.01763
1551.197	7.32436E-5	0.01719
1552.703	1.13499E-4	0.01674
1554.209	7.31017E-5	0.01784
1555.715	2.54785E-4	0.01625
1557.221	7.36483E-5	0.01726
1558.727	1.11493E-4	0.01757
1560.233	7.41765E-5	0.01588
1561.739	3.64028E-5	0.01544
1563.245	7.42711E-5	0.01681
1564.751	9.08367E-5	0.0162
1566.257	1.10936E-4	0.01593
1567.763	3.65448E-5	0.01515
1569.269	9.35965E-5	0.01504
1570.775	1.90066E-5	0.01487
1572.281	1.42391E-4	0.01484
1573.787	1.48214E-4	0.01575
1575.293	7.45563E-5	0.01545
1576.799	1.80722E-5	0.01384
1578.305	7.36099E-5	0.01511
1579.811	2.00756E-4	0.01339
1581.317	1.07999E-4	0.01506
1582.823	1.27984E-4	0.01472
1584.329	9.04099E-5	0.01507
1585.835	5.45493E-5	0.01442
1587.341	5.48188E-5	0.01461
1588.847	7.50345E-5	0.0145
1590.353	5.4579E-5	0.01425
1591.859	1.10278E-4	0.01417
1593.365	5.70506E-5	0.01405
1594.871	1.08789E-4	0.01416
1596.377	1.28832E-4	0.0142
1597.883	3.67313E-5	0.01359
1599.389	1.43705E-4	0.01421
1600.896	3.71757E-5	0.01337
1602.402	3.62707E-5	0.01443
1603.908	1.48699E-4	0.01348
1605.414	1.74486E-5	0.01316
1606.92	1.08794E-4	0.01327
1608.426	5.40925E-5	0.01407
1609.932	7.44693E-5	0.01208
1611.438	1.83204E-4	0.01277
1612.944	7.41272E-5	0.01369
1614.45	1.82704E-4	0.01335
1615.956	3.68941E-5	0.01244
1617.462	5.63089E-5	0.01343
1618.968	1.84705E-4	0.01354
1620.474	5.57466E-5	0.01257
1621.98	5.51544E-5	0.01191
1623.486	9.15845E-5	0.01188
1624.992	3.69338E-5	0.01302
1626.498	1.06671E-4	0.01252
1628.004	3.62442E-5	0.01228
1629.51	9.02539E-5	0.01282
1631.016	7.35412E-5	0.01212
1632.522	1.42999E-4	0.01107
1634.028	8.97169E-5	0.01296
1635.534	1.28956E-4	0.01225
1637.04	5.40605E-5	0.01212
1638.546	9.1432E-5	0.01147
1640.052	1.59816E-4	0.01236
1641.558	1.99155E-4	0.0122
1643.064	1.10415E-4	0.01215
1644.57	7.15626E-5	0.01113
1646.076	3.59571E-5	0.01207
1647.582	3.59446E-5	0.01189
1649.088	5.4622E-5	0.01224
1650.594	7.44238E-5	0.012
1652.1	3.71242E-5	0.01146
1653.606	3.7954E-5	0.01134
1655.112	1.79179E-5	0.01085
1656.618	1.13457E-4	0.01164
1658.124	7.43329E-5	0.01174
1659.63	3.7685E-5	0.01076
1661.136	1.31868E-4	0.01133
1662.642	5.75983E-5	0.01162
1664.148	1.88845E-5	0.01171
1665.654	3.80316E-5	0.0115
1667.16	5.64228E-5	0.01149
1668.666	1.13297E-4	0.01171
1670.172	5.62176E-5	0.01041
1671.678	5.63137E-5	0.01146
1673.184	7.68771E-5	0.01142
1674.69	1.36967E-4	0.01049
1676.196	1.8638E-5	0.01122
1677.702	3.84628E-5	0.01065
1679.208	3.79852E-5	0.01128
1680.714	4.0122E-5	0.0122
1682.22	9.57996E-5	0.01057
1683.726	9.83272E-5	0.01156
1685.232	5.69214E-5	0.01092
1686.738	3.84739E-5	0.01038
1688.244	9.09452E-5	0.01067
1689.75	9.71582E-5	0.01024
1691.256	4.32914E-5	0.00964
1692.762	1.30578E-4	0.01084
1694.268	2.1615E-5	0.0108
1695.774	4.67025E-5	0.00948
1697.28	4.44488E-5	0.00941
1698.786	8.58954E-5	0.01053
1700.292	7.48458E-5	0.00974
1701.798	1.5085E-4	0.01045
1703.304	8.92148E-5	0.01049
1704.81	1.15249E-4	0.00879
1706.316	3.14072E-5	0.00815
1707.822	1.43681E-4	0.00751
1709.328	6.36972E-5	0.00857
1710.834	8.20802E-5	0.00858
1712.34	6.66637E-5	0.00863
1713.846	1.04189E-4	0.00928
1715.352	5.17948E-5	0.00938
1716.858	1.83169E-5	0.00911
1718.364	7.3018E-5	0.00993
1719.87	5.39603E-5	0.00926
1721.376	8.5886E-5	0.00903
1722.882	7.07047E-5	0.00977
1724.388	5.48502E-5	0.00995
1725.894	3.58906E-5	0.01007
1727.4	8.84206E-5	0.01064
1728.906	9.11631E-5	0.01008
1730.412	2.14682E-4	0.01042
1731.918	8.86924E-5	0.01053
1733.424	1.45469E-4	0.00927
1734.93	7.47477E-5	0.01005
1736.436	5.39241E-5	0.01028
1737.942	0	0.01004
1739.448	1.28701E-4	0.00989
1740.954	7.20904E-5	0.00995
1742.46	5.52758E-5	0.00996
1743.966	1.08653E-4	0.01005
1745.472	1.26471E-4	0.01026
1746.978	1.27199E-4	0.01117
1748.484	1.27674E-4	0.0111
1749.99	7.3768E-5	0.01251
1751.496	7.13928E-5	0.01243
1753.002	3.70063E-5	0.0138
1754.508	1.8404E-5	0.01419
1756.014	1.11351E-4	0.01583
1757.52	1.10209E-4	0.01733
1759.026	1.31277E-4	0.01922
1760.532	5.49958E-5	0.02221
1762.038	1.26301E-4	0.02415
1763.544	1.82585E-5	0.02494
1765.05	5.28096E-5	0.0271
1766.557	5.33639E-5	0.02866
1768.063	9.1502E-5	0.03012
1769.569	1.25769E-4	0.03294
1771.075	8.70206E-5	0.03424
1772.581	7.29762E-5	0.03497
1774.087	9.03391E-5	0.03978
1775.593	1.09479E-4	0.03998
1777.099	1.84945E-4	0.04434
1778.605	1.09865E-4	0.04501
1780.111	1.41071E-4	0.04443
1781.617	8.86783E-5	0.04688
1783.123	1.28201E-4	0.05148
1784.629	5.65514E-5	0.05189
1786.135	3.62864E-5	0.05142
1787.641	1.10518E-4	0.05237
1789.147	1.24622E-4	0.05507
1790.653	1.42782E-4	0.05564
1792.159	1.06626E-4	0.05409
1793.665	1.8257E-4	0.05281
1795.171	1.90126E-4	0.05377
1796.677	9.19719E-5	0.0548
1798.183	9.02296E-5	0.0568
1799.689	1.47491E-4	0.05622
1801.195	1.1004E-4	0.05825
1802.701	7.39105E-5	0.05579
1804.207	9.1457E-5	0.05624
1805.713	9.23575E-5	0.05668
1807.219	1.09679E-4	0.05529
1808.725	7.18563E-5	0.05466
1810.231	1.09214E-4	0.05432
1811.737	1.1235E-4	0.05554
1813.243	2.24394E-4	0.0512
1814.749	5.72571E-5	0.05532
1816.255	9.61323E-5	0.05148
1817.761	3.94722E-5	0.05323
1819.267	3.76479E-5	0.05202
1820.773	1.17222E-4	0.05086
1822.279	1.51097E-4	0.0483
1823.785	1.11611E-4	0.05185
1825.291	1.14956E-4	0.05035
1826.797	9.39562E-5	0.05104
1828.303	7.57258E-5	0.04921
1829.809	1.123E-4	0.04863
1831.315	1.47508E-4	0.04646
1832.821	7.55677E-5	0.04709
1834.327	2.43869E-4	0.04625
1835.833	7.45605E-5	0.04405
1837.339	3.67776E-5	0.04525
1838.845	1.68361E-4	0.0435
1840.351	7.39594E-5	0.04306
1841.857	1.91895E-5	0.04046
1843.363	2.05683E-4	0.03969
1844.869	1.14488E-4	0.04019
1846.375	7.5165E-5	0.04157
1847.881	1.90066E-5	0.03742
1849.387	5.75242E-5	0.0362
1850.893	5.66406E-5	0.03372
1852.399	1.28173E-4	0.03552
1853.905	9.14195E-5	0.03522
1855.411	1.29586E-4	0.03166
1856.917	7.2869E-5	0.03119
1858.423	1.52934E-4	0.03083
1859.929	1.1001E-4	0.02911
1861.435	3.66168E-5	0.0291
1862.941	0	0.02741
1864.447	3.57135E-5	0.02681
1865.953	7.13262E-5	0.02766
1867.459	1.07235E-4	0.02625
1868.965	1.06955E-4	0.02462
1870.471	7.4779E-5	0.02269
1871.977	9.17778E-5	0.02437
1873.483	1.59456E-4	0.02283
1874.989	3.5961E-5	0.02299
1876.495	8.92505E-5	0.02092
1878.001	5.51574E-5	0.02076
1879.507	1.07009E-4	0.02096
1881.013	7.15587E-5	0.02047
1882.519	9.22303E-5	0.01955
1884.025	7.35614E-5	0.01962
1885.531	9.23448E-5	0.01967
1887.037	1.12722E-4	0.01896
1888.543	3.53589E-5	0.0175
1890.049	1.10109E-4	0.01823
1891.555	1.4798E-4	0.01735
1893.061	1.2559E-4	0.01671
1894.567	5.28624E-5	0.0172
1896.073	1.26807E-4	0.0166
1897.579	1.08156E-4	0.017
1899.085	7.40985E-5	0.01545
1900.591	5.48997E-5	0.01667
1902.097	1.41668E-4	0.01417
1903.603	3.71499E-5	0.01571
1905.109	3.64801E-5	0.01539
1906.615	3.68637E-5	0.01653
1908.121	7.22518E-5	0.01587
1909.627	0	0.01551
1911.133	9.51925E-5	0.01504
1912.639	5.59655E-5	0.01367
1914.145	1.12982E-4	0.01435
1915.651	1.87797E-4	0.01365
1917.157	9.39747E-5	0.01266
1918.663	9.30375E-5	0.01407
1920.169	9.3445E-5	0.01386
1921.675	9.42152E-5	0.01366
1923.181	1.13256E-4	0.01349
1924.687	1.33878E-4	0.01357
1926.193	1.94108E-5	0.01293
1927.699	5.73158E-5	0.01344
1929.205	0	0.01272
1930.712	9.18508E-5	0.01266
1932.218	5.71919E-5	0.01267
1933.724	1.92795E-5	0.01259
1935.23	1.15704E-4	0.01278
1936.736	5.66279E-5	0.01228
1938.242	5.57651E-5	0.0123
1939.748	5.72766E-5	0.01276
1941.254	9.09774E-5	0.01222
1942.76	7.55784E-5	0.01289
1944.266	5.40459E-5	0.01201
1945.772	5.49552E-5	0.01212
1947.278	5.51468E-5	0.01182
1948.784	7.24904E-5	0.01297
1950.29	7.07141E-5	0.01234
1951.796	8.70432E-5	0.01228
1953.302	1.60433E-4	0.01178
1954.808	1.08612E-4	0.01237
1956.314	1.26012E-4	0.01232
1957.82	1.08889E-4	0.01153
1959.326	1.24308E-4	0.01181
1960.832	1.26927E-4	0.01149
1962.338	1.86838E-5	0.01194
1963.844	9.21263E-5	0.0112
1965.35	5.67398E-5	0.01072
1966.856	5.39009E-5	0.0106
1968.362	1.84121E-4	0.01112
1969.868	1.09989E-4	0.01122
1971.374	1.09102E-4	0.01151
1972.88	7.37152E-5	0.01043
1974.386	1.81368E-5	0.01041
1975.892	0	0.01079
1977.398	1.42778E-4	0.01073
1978.904	1.47414E-4	0.01114
1980.41	5.43987E-5	0.01074
1981.916	7.46207E-5	0.01023
1983.422	5.37279E-5	0.01142
1984.928	1.06819E-4	0.01021
1986.434	7.11613E-5	0.01021
1987.94	8.83017E-5	0.0103
1989.446	7.20535E-5	0.0108
1990.952	1.60207E-4	0.01136
1992.458	3.56233E-5	0.0105
1993.964	1.79897E-5	0.01061
1995.47	7.08844E-5	0.0105
1996.976	5.3566E-5	0.01051
1998.482	7.07814E-5	0.01095
1999.988	3.6309E-5	0.0106
2001.494	1.75552E-5	0.01099
2003	8.81296E-5	0.0101
2004.506	3.56878E-5	0.01013
2006.012	1.06001E-4	0.01073
2007.518	1.45315E-4	0.01055
2009.024	1.47054E-4	0.01014
2010.53	1.21952E-4	0.01068
2012.036	5.35989E-5	0.00995
2013.542	1.23287E-4	0.01087
2015.048	0	0.01044
2016.554	1.79757E-5	0.01059
2018.06	7.2322E-5	0.01006
2019.566	3.66108E-5	0.01023
2021.072	7.3618E-5	0.00999
2022.578	1.25982E-4	0.00975
2024.084	5.42474E-5	0.00988
2025.59	9.39879E-5	0.01022
2027.096	5.36347E-5	0.00936
2028.602	1.10921E-4	0.00981
2030.108	1.12025E-4	0.00971
2031.614	1.445E-4	0.00941
2033.12	3.73832E-5	0.00965
2034.626	7.26319E-5	0.01002
2036.132	1.82704E-4	0.00915
2037.638	8.8423E-5	0.00964
2039.144	7.20225E-5	0.00992
2040.65	8.9537E-5	0.00925
2042.156	5.19973E-5	0.00918
2043.662	5.41655E-5	0.00922
2045.168	7.21389E-5	0.00964
2046.674	7.04165E-5	0.00929
2048.18	1.94074E-4	0.00936
2049.686	7.32576E-5	0.00937
2051.192	1.05492E-4	0.01011
2052.698	1.45028E-4	0.0091
2054.204	7.35796E-5	0.00928
2055.71	1.11608E-4	0.00951
2057.216	5.73044E-5	0.00901
2058.722	1.5905E-4	0.00886
2060.228	3.83538E-5	0.00863
2061.734	1.44356E-4	0.00915
2063.24	1.84349E-5	0.00898
2064.746	5.57296E-5	0.00985
2066.252	3.78158E-5	0.00849
2067.758	9.23091E-5	0.00874
2069.264	1.14069E-4	0.00814
2070.77	1.88224E-5	0.00909
2072.276	7.51481E-5	0.00893
2073.782	5.78303E-5	0.00918
2075.288	7.38025E-5	0.00882
2076.794	7.38982E-5	0.00829
2078.3	1.32203E-4	0.00894
2079.806	1.87581E-5	0.00956
2081.312	7.45584E-5	0.00885
2082.818	1.12659E-4	0.00876
2084.324	1.17034E-4	0.0088
2085.83	1.53218E-4	0.00905
2087.336	5.63895E-5	0.00846
2088.842	1.96337E-5	0.00894
2090.348	3.67091E-5	0.00957
2091.854	1.10497E-4	0.00852
2093.36	7.46893E-5	0.00924
2094.866	1.48148E-4	0.00848
2096.373	7.26339E-5	0.00791
2097.879	9.35311E-5	0.00893
2099.385	1.12153E-4	0.008
2100.891	1.82834E-5	0.00948
2102.397	1.28938E-4	0.00842
2103.903	3.70216E-5	0.00934
2105.409	7.05371E-5	0.00852
2106.915	1.48897E-4	0.00876
2108.421	7.28353E-5	0.00893
2109.927	3.68454E-5	0.00817
2111.433	3.70032E-5	0.00806
2112.939	1.27282E-4	0.00838
2114.445	1.11816E-4	0.00919
2115.951	1.61063E-4	0.00844
2117.457	1.06293E-4	0.00897
2118.963	7.31756E-5	0.00987
2120.469	1.0865E-4	0.00939
2121.975	5.3009E-5	0.00946
2123.481	5.52697E-5	0.0092
2124.987	1.32039E-4	0.01031
2126.493	7.21506E-5	0.01115
2127.999	7.01582E-5	0.01075
2129.505	1.80202E-5	0.01082
2131.011	8.95058E-5	0.01173
2132.517	5.41508E-5	0.01144
2134.023	1.78949E-5	0.01282
2135.529	1.08989E-4	0.01308
2137.035	5.34221E-5	0.01357
2138.541	2.397E-4	0.01363
2140.047	9.20048E-5	0.01351
2141.553	8.97265E-5	0.01369
2143.059	5.30902E-5	0.01416
2144.565	7.0565E-5	0.01427
2146.071	3.48508E-5	0.01552
2147.577	3.57985E-5	0.01545
2149.083	7.39207E-5	0.01615
2150.589	1.10473E-4	0.01458
2152.095	1.59816E-4	0.01579
2153.601	8.97867E-5	0.01638
2155.107	7.06208E-5	0.01599
2156.613	3.59716E-5	0.01641
2158.119	1.9786E-4	0.01682
2159.625	1.07264E-4	0.01681
2161.131	7.3384E-5	0.01676
2162.637	1.11373E-4	0.01661
2164.143	1.08559E-4	0.01766
2165.649	3.73155E-5	0.01614
2167.155	1.35229E-4	0.01752
2168.661	7.34021E-5	0.01772
2170.167	7.76567E-5	0.01733
2171.673	9.33044E-5	0.01712
2173.179	7.53637E-5	0.01687
2174.685	7.50618E-5	0.01788
2176.191	1.12275E-4	0.01922
2177.697	1.53306E-4	0.01823
2179.203	5.682E-5	0.02002
2180.709	1.14818E-4	0.01799
2182.215	9.13447E-5	0.01933
2183.721	7.72338E-5	0.01825
2185.227	7.64124E-5	0.01807
2186.733	1.76937E-4	0.01865
2188.239	7.60762E-5	0.0184
2189.745	1.31347E-4	0.01838
2191.251	1.91359E-4	0.01981
2192.757	5.41421E-5	0.01974
2194.263	1.84664E-5	0.02096
2195.769	3.87341E-5	0.02071
2197.275	7.58415E-5	0.02007
2198.781	3.71902E-5	0.02024
2200.287	1.9065E-5	0.02203
2201.793	7.58823E-5	0.02082
2203.299	7.44238E-5	0.02206
2204.805	1.1258E-4	0.021
2206.311	1.13985E-4	0.0221
2207.817	7.4078E-5	0.0228
2209.323	1.83249E-5	0.02354
2210.829	3.64295E-5	0.02438
2212.335	7.24335E-5	0.02471
2213.841	9.12501E-5	0.0265
2215.347	1.62466E-4	0.02588
2216.853	0	0.02662
2218.359	1.65191E-4	0.02647
2219.865	9.31073E-5	0.03014
2221.371	1.76181E-4	0.02946
2222.877	1.27883E-4	0.02808
2224.383	7.29047E-5	0.03356
2225.889	1.21607E-4	0.03289
2227.395	1.40508E-4	0.03314
2228.901	1.24648E-4	0.03529
2230.407	7.34867E-5	0.03307
2231.913	1.08636E-4	0.03445
2233.419	5.48083E-5	0.03501
2234.925	9.02247E-5	0.03742
2236.431	1.4571E-4	0.03567
2237.937	1.60612E-4	0.04073
2239.443	1.06853E-4	0.04203
2240.949	5.26545E-5	0.03952
2242.455	1.26199E-4	0.0433
2243.961	5.36504E-5	0.04346
2245.467	1.23668E-4	0.04302
2246.973	3.70431E-5	0.04501
2248.479	5.3669E-5	0.04711
2249.985	7.13205E-5	0.04992
2251.491	7.24982E-5	0.05119
2252.997	1.61167E-4	0.05258
2254.503	1.06947E-4	0.05553
2256.009	1.2319E-4	0.05246
2257.515	8.9525E-5	0.05647
2259.021	9.12775E-5	0.05502
2260.528	1.60981E-4	0.05552
2262.034	7.19703E-5	0.06285
2263.54	1.26728E-4	0.06047
2265.046	8.97265E-5	0.06158
2266.552	9.32915E-5	0.06515
2268.058	9.01834E-5	0.06551
2269.564	1.26016E-4	0.07258
2271.07	9.11086E-5	0.07122
2272.576	1.23838E-4	0.0763
2274.082	1.06819E-4	0.07536
2275.588	2.16347E-4	0.07683
2277.094	1.63174E-4	0.08092
2278.6	1.06434E-4	0.07944
2280.106	8.99097E-5	0.08376
2281.612	1.24731E-4	0.08424
2283.118	1.0597E-4	0.08904
2284.624	1.24874E-4	0.09331
2286.13	1.81187E-4	0.09068
2287.636	1.44625E-4	0.09832
2289.142	1.26642E-4	0.09838
2290.648	1.80284E-4	0.10501
2292.154	1.07574E-4	0.10656
2293.66	9.0383E-5	0.10515
2295.166	5.44164E-5	0.10863
2296.672	5.61767E-5	0.11663
2298.178	8.97915E-5	0.11495
2299.684	3.7377E-5	0.12234
2301.19	1.67305E-4	0.1267
2302.696	1.43305E-4	0.12496
2304.202	1.10838E-4	0.14038
2305.708	2.17342E-4	0.14384
2307.214	1.77213E-4	0.14571
2308.72	5.70426E-5	0.15745
2310.226	7.4656E-5	0.1552
2311.732	1.3823E-4	0.15245
2313.238	1.1441E-4	0.16902
2314.744	1.33342E-4	0.17477
2316.25	2.30625E-4	0.18766
2317.756	1.33646E-4	0.18466
2319.262	2.03024E-4	0.18395
2320.768	1.12391E-4	0.19737
2322.274	2.44822E-4	0.20335
2323.78	2.09602E-4	0.20544
2325.286	9.78934E-5	0.21901
2326.792	2.72399E-4	0.21937
2328.298	1.49246E-4	0.22287
2329.804	1.66948E-4	0.2349
2331.31	9.29419E-5	0.25015
2332.816	1.80937E-4	0.25619
2334.322	1.26625E-4	0.25705
2335.828	1.18584E-4	0.25333
2337.334	2.61457E-4	0.25839
2338.84	1.09536E-4	0.26426
2340.346	9.18786E-5	0.27777
2341.852	1.48193E-4	0.28739
2343.358	7.31916E-5	0.279
2344.864	1.32528E-4	0.27037
2346.37	7.37903E-5	0.26948
2347.876	1.64201E-4	0.27192
2349.382	1.47593E-4	0.28017
2350.888	9.21719E-5	0.26842
2352.394	1.84674E-4	0.2591
2353.9	1.46383E-4	0.2497
2355.406	7.33479E-5	0.24715
2356.912	9.84717E-5	0.23798
2358.418	1.67207E-4	0.23164
2359.924	1.85884E-4	0.2295
2361.43	1.72449E-4	0.21515
2362.936	1.12691E-4	0.20049
2364.442	1.12697E-4	0.20384
2365.948	7.3888E-5	0.19783
2367.454	7.26161E-5	0.19479
2368.96	1.80991E-5	0.18518
2370.466	1.78069E-4	0.17919
2371.972	1.61024E-4	0.16425
2373.478	1.85072E-5	0.16076
2374.984	1.26325E-4	0.14992
2376.49	1.42637E-4	0.15068
2377.996	1.26772E-4	0.13793
2379.502	5.25787E-5	0.13281
2381.008	1.77183E-4	0.13199
2382.514	7.1001E-5	0.12249
2384.02	1.264E-4	0.11888
2385.526	1.8192E-4	0.11156
2387.032	1.05235E-4	0.10916
2388.538	7.07533E-5	0.10793
2390.044	7.33599E-5	0.10414
2391.55	5.31788E-5	0.09579
2393.056	1.4347E-4	0.0942
2394.562	8.877E-5	0.08842
2396.068	1.78696E-4	0.0856
2397.574	1.46223E-4	0.08214
2399.08	9.06841E-5	0.08135
2400.586	1.62042E-4	0.07744
2402.092	8.91982E-5	0.07551
2403.598	1.59452E-4	0.07329
2405.104	3.43729E-5	0.06777
2406.61	5.24168E-5	0.06621
2408.116	1.90776E-4	0.0633
2409.622	6.91364E-5	0.06058
2411.128	1.74654E-4	0.0613
2412.634	1.04449E-4	0.06042
2414.14	5.43839E-5	0.05862
2415.646	1.76301E-4	0.05812
2417.152	3.56992E-5	0.05543
2418.658	1.24924E-4	0.05179
2420.164	1.26465E-4	0.05265
2421.67	1.60028E-4	0.05198
2423.176	3.52361E-5	0.05052
2424.682	9.16748E-5	0.0521
2426.189	1.06907E-4	0.0486
2427.695	1.94901E-4	0.04629
2429.201	1.48889E-4	0.04696
2430.707	8.79444E-5	0.046
2432.213	3.61678E-5	0.04435
2433.719	1.44961E-4	0.04733
2435.225	1.46616E-4	0.04203
2436.731	3.64028E-5	0.04425
2438.237	1.29244E-4	0.04417
2439.743	1.25992E-4	0.03965
2441.249	1.2655E-4	0.03956
2442.755	1.26046E-4	0.03783
2444.261	1.06479E-4	0.0372
2445.767	5.47605E-5	0.03744
2447.273	5.36963E-5	0.03768
2448.779	1.4017E-4	0.03627
2450.285	9.06473E-5	0.03492
2451.791	9.09181E-5	0.0334
2453.297	1.81334E-5	0.03425
2454.803	5.43178E-5	0.03424
2456.309	7.17524E-5	0.03266
2457.815	1.83289E-5	0.03324
2459.321	3.60045E-5	0.03142
2460.827	1.05102E-4	0.03113
2462.333	1.08083E-4	0.03021
2463.839	7.14309E-5	0.03196
2465.345	8.60693E-5	0.03092
2466.851	6.9818E-5	0.03214
2468.357	1.06938E-4	0.02976
2469.863	7.03444E-5	0.02854
2471.369	5.32366E-5	0.03172
2472.875	7.0787E-5	0.02992
2474.381	8.93672E-5	0.0294
2475.887	1.23261E-4	0.03023
2477.393	1.06524E-4	0.03144
2478.899	1.43232E-4	0.02884
2480.405	1.03512E-4	0.02774
2481.911	7.17197E-5	0.02761
2483.417	1.41488E-4	0.02685
2484.923	7.18833E-5	0.02673
2486.429	1.03936E-4	0.02765
2487.935	1.23012E-4	0.02645
2489.441	1.45786E-4	0.02522
2490.947	1.05733E-4	0.02745
2492.453	5.42958E-5	0.02598
2493.959	1.25631E-4	0.02547
2495.465	3.54995E-5	0.0245
2496.971	1.82034E-4	0.02484
2498.477	5.59281E-5	0.02567
2499.983	5.23266E-5	0.02565
2501.489	7.15511E-5	0.02454
2502.995	9.03757E-5	0.02473
2504.501	1.06161E-4	0.02494
2506.007	1.76822E-5	0.02435
2507.513	3.72616E-5	0.02311
2509.019	3.56593E-5	0.0239
2510.525	5.6767E-5	0.02279
2512.031	3.5126E-5	0.02351
2513.537	8.85165E-5	0.02379
2515.043	1.06807E-4	0.02254
2516.549	0	0.02255
2518.055	1.42763E-4	0.022
2519.561	1.06021E-4	0.02195
2521.067	7.11311E-5	0.02124
2522.573	7.19973E-5	0.02254
2524.079	8.89611E-5	0.02302
2525.585	9.00815E-5	0.02109
2527.091	1.0604E-4	0.0214
2528.597	7.26299E-5	0.02182
2530.103	1.44313E-4	0.02074
2531.609	9.07849E-5	0.02067
2533.115	1.83304E-5	0.01956
2534.621	1.27528E-4	0.01991
2536.127	1.12209E-4	0.02043
2537.633	9.11086E-5	0.02042
2539.139	7.3833E-5	0.02012
2540.645	1.07577E-4	0.01973
2542.151	1.87839E-5	0.01968
2543.657	7.29583E-5	0.0198
2545.163	9.29084E-5	0.02001
2546.669	9.08687E-5	0.01804
2548.175	9.15996E-5	0.01802
2549.681	1.87439E-5	0.01946
2551.187	1.27893E-4	0.01873
2552.693	7.06749E-5	0.02137
2554.199	1.82059E-4	0.01953
2555.705	3.62894E-5	0.01942
2557.211	7.15052E-5	0.01723
2558.717	9.16547E-5	0.01885
2560.223	9.26744E-5	0.01793
2561.729	8.99435E-5	0.01873
2563.235	3.63761E-5	0.01755
2564.741	9.12924E-5	0.01878
2566.247	1.06178E-4	0.01868
2567.753	1.41716E-4	0.01854
2569.259	3.66138E-5	0.01831
2570.765	1.07155E-4	0.01872
2572.271	1.07061E-4	0.01771
2573.777	8.90582E-5	0.01803
2575.283	3.59938E-5	0.01671
2576.789	1.22607E-4	0.018
2578.295	5.46845E-5	0.01636
2579.801	8.85048E-5	0.0171
2581.307	1.81383E-5	0.01775
2582.813	1.41818E-4	0.01727
2584.319	7.15913E-5	0.01619
2585.825	5.43619E-5	0.01605
2587.331	1.22035E-4	0.01547
2588.837	1.58009E-4	0.01683
2590.344	3.48381E-5	0.01647
2591.85	8.87441E-5	0.01538
2593.356	1.44793E-4	0.01692
2594.862	1.05456E-4	0.01664
2596.368	5.26518E-5	0.01574
2597.874	1.82212E-5	0.01513
2599.38	5.53534E-5	0.01512
2600.886	7.2691E-5	0.01725
2602.392	1.81821E-5	0.01521
2603.898	0	0.01489
2605.404	9.16096E-5	0.01524
2606.91	1.44266E-4	0.01496
2608.416	1.09515E-4	0.01555
2609.922	5.41436E-5	0.01457
2611.428	1.05086E-4	0.01531
2612.934	1.80678E-5	0.01393
2614.44	1.84217E-5	0.01425
2615.946	--	0.01523
2617.452	1.42081E-4	0.01398
2618.958	8.99967E-5	0.01685
2620.464	1.10167E-4	0.02558
2621.97	2.19839E-4	0.03845
2623.476	7.24805E-5	0.0521
2624.982	3.57698E-5	0.07019
2626.488	1.29308E-4	0.0791
2627.994	1.2585E-4	0.08335
2629.5	1.28577E-4	0.08887
2631.006	1.34119E-4	0.09144
2632.512	9.32811E-5	0.08838
2634.018	9.21897E-5	0.08664
2635.524	2.1675E-4	0.08169
2637.03	1.90591E-4	0.08108
2638.536	5.80441E-5	0.07417
2640.042	5.76909E-5	0.07124
2641.548	7.55358E-5	0.06723
2643.054	9.36515E-5	0.06208
2644.56	5.42503E-5	0.05821
2646.066	5.63279E-5	0.05607
2647.572	1.56051E-4	0.05566
2649.078	1.76248E-4	0.06636
2650.584	1.5697E-4	0.0608
2652.09	2.33137E-4	0.05678
2653.596	8.2109E-5	0.04743
2655.102	1.39016E-4	0.04207
2656.608	9.72654E-5	0.03854
2658.114	1.86267E-4	0.03506
2659.62	5.56786E-5	0.03252
2661.126	1.11738E-4	0.02966
2662.632	5.44149E-5	0.028
2664.138	5.60514E-5	0.02652
2665.644	7.34424E-5	0.0247
2667.15	5.62538E-5	0.02342
2668.656	3.5881E-5	0.02389
2670.162	1.77719E-4	0.02278
2671.668	1.27455E-4	0.02113
2673.174	5.45998E-5	0.01975
2674.68	8.7277E-5	0.01899
2676.186	1.07249E-4	0.01844
2677.692	6.9858E-5	0.01799
2679.198	1.08072E-4	0.01636
2680.704	3.61727E-5	0.01824
2682.21	5.46994E-5	0.0167
2683.716	1.22684E-4	0.01631
2685.222	9.07776E-5	0.01591
2686.728	5.18965E-5	0.01533
2688.234	1.84252E-5	0.01531
2689.74	1.10753E-4	0.01461
2691.246	9.23244E-5	0.01475
2692.752	7.56937E-5	0.01474
2694.258	1.1414E-4	0.01376
2695.764	2.18937E-5	0.01237
2697.27	7.04016E-5	0.0124
2698.776	6.93922E-5	0.01364
2700.282	1.446E-4	0.01289
2701.788	9.32525E-5	0.01402
2703.294	7.22557E-5	0.01268
2704.8	1.64012E-4	0.01303
2706.306	1.19752E-4	0.01246
2707.812	9.50417E-5	0.01247
2709.318	1.64668E-4	0.01285
2710.824	1.422E-4	0.01234
2712.33	6.98448E-5	0.01143
2713.836	4.55502E-5	0.01178
2715.342	2.40498E-5	0.01188
2716.848	1.13142E-4	0.01257
2718.354	1.40332E-4	0.01391
2719.86	1.63647E-4	0.01561
2721.366	7.09548E-5	0.01739
2722.872	4.37103E-5	0.01939
2724.378	2.0225E-5	0.02024
2725.884	6.14237E-5	0.02403
2727.39	9.4869E-5	0.02708
2728.896	1.24357E-4	0.02869
2730.402	1.19188E-4	0.03084
2731.908	2.63382E-5	0.01621
2733.414	1.43855E-4	0.01367
2734.92	5.25368E-4	0.01406
2736.426	2.0742E-4	0.01118
2737.932	4.9513E-5	0.01132
2739.438	5.30244E-5	0.01218
2740.944	1.26629E-4	0.01362
2742.45	1.64143E-4	0.01315
2743.956	7.16928E-5	0.01256
2745.462	7.36585E-5	0.011
2746.968	7.47644E-5	0.01281
2748.474	2.18245E-4	0.01158
2749.98	1.97717E-4	0.01118
2751.486	9.41649E-5	0.01222
2752.992	1.29483E-4	0.01267
2754.498	1.10802E-4	0.01248
2756.005	1.49821E-4	0.01254
2757.511	9.37957E-5	0.01248
2759.017	9.43213E-5	0.01356
2760.523	1.134E-4	0.01205
2762.029	1.11959E-4	0.01343
2763.535	1.30623E-4	0.01332
2765.041	9.03342E-5	0.01263
2766.547	7.15683E-5	0.01406
2768.053	1.77333E-4	0.01342
2769.559	9.58023E-5	0.01336
2771.065	1.43106E-4	0.01362
2772.571	1.25668E-4	0.01351
2774.077	1.26199E-4	0.01311
2775.583	1.77658E-4	0.01426
2777.089	1.24215E-4	0.01386
2778.595	1.86251E-4	0.01376
2780.101	1.62348E-4	0.01461
2781.607	1.63475E-4	0.01411
2783.113	1.67813E-4	0.01402
2784.619	2.13792E-4	0.01408
2786.125	1.30274E-4	0.01374
2787.631	9.35024E-5	0.01396
2789.137	7.40003E-5	0.01451
2790.643	1.15025E-4	0.01286
2792.149	1.52803E-4	0.01279
2793.655	3.7449E-5	0.0146
2795.161	2.08293E-4	0.01386
2796.667	7.42855E-5	0.01278
2798.173	1.48148E-4	0.01411
2799.679	1.67059E-4	0.01341
2801.185	1.31174E-4	0.01433
2802.691	5.69682E-5	0.01377
2804.197	1.83515E-5	0.01334
2805.703	4.04891E-5	0.01291
2807.209	1.33395E-4	0.01218
2808.715	2.09942E-4	0.01277
2810.221	1.63904E-4	0.01221
2811.727	1.41025E-4	0.01258
2813.233	2.35512E-5	0.01264
2814.739	9.59725E-5	0.01312
2816.245	7.02125E-5	0.01296
2817.751	6.82721E-5	0.01319
2819.257	6.68571E-5	0.01293
2820.763	1.12301E-4	0.01117
2822.269	1.604E-4	0.0124
2823.775	6.99224E-5	0.01221
2825.281	9.26635E-5	0.01131
2826.787	7.10875E-5	0.01192
2828.293	1.83691E-4	0.01149
2829.799	2.36858E-4	0.01293
2831.305	2.37933E-4	0.01386
2832.811	1.57962E-4	0.01534
2834.317	3.04893E-4	0.01814
2835.823	3.01604E-4	0.02026
2837.329	2.70238E-4	0.02329
2838.835	2.08328E-4	0.02489
2840.341	4.6246E-4	0.02684
2841.847	2.92775E-4	0.02961
2843.353	1.99754E-4	0.03194
2844.859	2.37995E-4	0.02984
2846.365	8.43409E-5	0.01685
2847.871	1.12866E-4	0.01013
2849.377	2.48435E-4	0.00988
2850.883	1.17634E-4	0.00391
2852.389	1.87142E-4	0.00194
2853.895	1.45273E-4	0.00126
2855.401	1.76039E-4	0.00152
2856.907	8.88178E-4	0.00143
2858.413	4.40384E-4	8.29892E-4
2859.919	7.60321E-5	4.59157E-4
2861.425	2.26254E-4	3.65359E-4
2862.931	2.44302E-4	1.9687E-4
2864.437	7.61831E-5	3.1126E-4
2865.943	5.90692E-5	1.59886E-4
2867.449	2.49107E-4	1.69666E-4
2868.955	1.45901E-4	1.15929E-4
2870.461	3.14295E-4	1.24984E-4
2871.967	1.49397E-4	1.39835E-4
2873.473	6.46485E-5	1.38168E-4
2874.979	1.09704E-4	2.26373E-4
2876.485	1.04256E-4	1.43533E-4
2877.991	2.27405E-4	2.02355E-4
2879.497	7.64806E-5	1.61317E-4
2881.003	7.37576E-5	1.55113E-4
2882.509	3.42267E-4	2.21191E-4
2884.015	4.93766E-5	1.18899E-4
2885.521	8.33634E-5	1.21596E-4
2887.027	5.00856E-5	2.08478E-4
2888.533	3.83873E-4	2.04845E-4
2890.039	1.17406E-4	1.40226E-4
2891.545	1.14456E-4	1.91445E-4
2893.051	3.22764E-4	7.0396E-5
2894.557	2.65771E-4	8.77029E-5
2896.063	3.62386E-5	1.37419E-4
2897.569	1.70115E-4	1.13578E-4
2899.075	1.27074E-4	6.5058E-5
2900.581	1.18623E-4	1.43782E-4
2902.087	4.07475E-4	7.06345E-5
2903.593	7.554E-5	1.28304E-4
2905.099	7.58195E-5	1.09072E-4
2906.605	4.73507E-5	1.0464E-4
2908.111	9.25969E-5	1.5142E-4
2909.617	3.24774E-4	2.05598E-4
2911.123	4.55298E-5	1.38662E-4
2912.629	1.57523E-4	1.29946E-4
2914.135	1.33395E-4	1.05792E-4
2915.641	9.69555E-5	7.37559E-5
2917.147	6.21988E-5	1.65637E-4
2918.653	2.70567E-4	6.5723E-5
2920.159	1.03074E-4	1.40784E-4
2921.666	7.24475E-5	1.2436E-4
2923.172	1.17668E-4	1.61032E-4
2924.678	1.47644E-4	2.93882E-5
2926.184	1.71136E-4	5.07439E-5
2927.69	1.18082E-4	1.33039E-4
2929.196	6.98972E-5	1.15784E-4
2930.702	8.99023E-5	9.02905E-5
2932.208	1.44526E-4	7.47061E-5
2933.714	7.4904E-5	9.46331E-5
2935.22	9.94663E-5	1.09353E-4
2936.726	1.09365E-4	8.96565E-5
2938.232	1.19509E-4	1.71327E-4
2939.738	3.03813E-4	1.25912E-4
2941.244	1.0417E-4	1.34413E-4
2942.75	4.15779E-5	1.3673E-4
2944.256	1.03548E-4	1.00205E-4
2945.762	3.84642E-5	7.6737E-5
2947.268	1.21133E-4	4.50599E-5
2948.774	9.371E-5	5.22244E-5
2950.28	1.20267E-4	1.07743E-4
2951.786	3.54827E-5	1.12171E-4
2953.292	6.38242E-5	8.05411E-5
2954.798	2.19202E-4	8.03376E-5
2956.304	1.87789E-4	7.80938E-5
2957.81	6.64028E-5	8.90263E-5
2959.316	5.73687E-5	9.78624E-5
2960.822	1.00599E-4	3.18622E-4
2962.328	1.02337E-4	1.0227E-4
2963.834	1.46479E-4	1.81981E-4
2965.34	5.35568E-5	5.58543E-5
2966.846	7.22993E-5	7.90074E-5
2968.352	9.21364E-5	1.55995E-4
2969.858	1.14753E-4	5.31015E-5
2971.364	8.82647E-5	7.20428E-5
2972.87	6.59782E-5	1.18491E-4
2974.376	6.64654E-5	1.34346E-4
2975.882	8.59669E-5	3.0521E-4
2977.388	8.81801E-5	9.80778E-5
2978.894	8.29833E-5	2.06354E-4
2980.4	2.05317E-5	8.99968E-5
2981.906	2.21592E-4	6.87659E-5
2983.412	3.84781E-5	1.12737E-4
2984.918	1.82121E-4	7.70693E-5
2986.424	6.85847E-5	1.15853E-4
2987.93	3.74168E-5	9.98738E-5
2989.436	3.31158E-5	7.63429E-5
2990.942	6.69894E-5	1.55861E-4
2992.448	2.16487E-4	9.84485E-5
2993.954	6.93491E-5	1.22621E-4
2995.46	6.43455E-5	1.15267E-4
2996.966	5.41263E-5	1.60381E-4
2998.472	6.52018E-5	2.03872E-4
2999.978	6.72538E-5	6.67558E-5
3001.484	1.31823E-4	3.60411E-5
3002.99	9.46743E-5	9.02619E-5
3004.496	1.15853E-4	7.93241E-5
3006.002	9.41542E-5	8.43722E-5
3007.508	1.96972E-4	1.75433E-4
3009.014	1.30767E-4	6.37271E-5
3010.52	5.43341E-5	1.295E-4
3012.026	4.13702E-5	1.23823E-4
3013.532	1.35831E-4	1.0435E-4
3015.038	9.12665E-5	0.00636
3016.544	6.40745E-5	0.00705
3018.05	2.31196E-4	0.00721
3019.556	1.54927E-4	0.00412
3021.062	9.4069E-5	0.00202
3022.568	2.9299E-5	0.00148
3024.074	9.79171E-5	5.73605E-4
3025.58	1.52741E-4	5.71874E-4
3027.086	6.29131E-5	5.25024E-4
3028.592	1.14065E-4	3.26392E-4
3030.098	9.78967E-5	2.14809E-4
3031.604	2.95009E-5	2.37356E-4
3033.11	8.45168E-5	2.35059E-4
3034.616	5.31427E-5	1.86116E-4
3036.122	5.69216E-5	1.4024E-4
3037.628	9.0662E-5	9.00937E-5
3039.134	1.78429E-4	2.20671E-4
3040.64	8.07141E-5	1.08367E-4
3042.146	5.50937E-5	1.6364E-4
3043.652	1.57563E-4	1.40371E-4
3045.158	4.50458E-5	7.88228E-5
3046.664	4.61428E-5	8.01848E-5
3048.17	4.55223E-5	6.85873E-5
3049.676	1.2126E-4	1.4E-4
3051.182	4.58181E-5	6.26386E-5
3052.688	3.97735E-5	9.92511E-5
3054.194	2.23005E-4	9.75117E-5
3055.7	1.63768E-4	1.09873E-4
3057.206	2.41413E-5	9.99043E-5
3058.712	8.01958E-5	8.11776E-5
3060.218	1.29815E-4	1.05146E-4
3061.724	1.12926E-4	9.48405E-5
3063.23	4.17359E-5	8.06494E-5
3064.736	5.89601E-5	1.03135E-4
3066.242	8.06233E-5	1.73955E-5
3067.748	5.66759E-5	1.72375E-4
3069.254	4.669E-5	1.50335E-4
3070.76	1.9475E-4	0.00742
3072.266	3.46186E-4	0.01118
3073.772	3.55564E-4	0.01383
3075.278	2.71973E-4	0.01079
3076.784	3.18161E-4	0.01057
3078.29	1.09809E-4	0.01006
3079.796	3.79867E-4	0.00885
3081.302	2.42254E-4	0.00931
3082.808	4.18769E-4	0.00796
3084.314	2.15442E-4	0.00744
3085.821	1.963E-4	0.00707
3087.327	1.99498E-4	0.00724
3088.833	2.3944E-4	0.00755
3090.339	3.52842E-4	0.00697
3091.845	2.443E-4	0.00702
3093.351	3.91666E-4	0.00791
3094.857	3.9369E-4	0.00895
3096.363	2.71897E-4	0.00925
3097.869	2.66624E-4	0.0066
3099.375	1.7654E-4	0.00381
3100.881	2.44731E-4	0.00359
3102.387	1.34279E-4	0.00223
3103.893	7.5584E-5	9.44813E-4
3105.399	8.64014E-5	6.84036E-4
3106.905	1.94968E-4	4.76059E-4
3108.411	1.65944E-4	3.40054E-4
3109.917	2.45167E-4	0.00216
3111.423	3.46861E-4	0.00312
3112.929	5.19599E-4	0.00404
3114.435	5.09759E-4	0.00314
3115.941	4.98247E-4	0.00378
3117.447	4.21173E-4	0.00417
3118.953	5.5386E-4	0.00428
3120.459	3.53674E-4	0.00316
3121.965	4.49417E-4	0.00344
3123.471	2.90332E-4	0.00302
3124.977	4.95404E-4	0.00336
3126.483	4.66977E-4	0.00311
3127.989	4.139E-4	0.00303
3129.495	4.84778E-4	0.00252
3131.001	4.34232E-4	0.00316
3132.507	3.11845E-4	0.00291
3134.013	4.66081E-4	0.0028
3135.519	3.22284E-4	0.00231
3137.025	4.0529E-4	0.00275
3138.531	5.27931E-4	0.00234
3140.037	1.77607E-4	0.00276
3141.543	4.60761E-4	0.0026
3143.049	4.20593E-4	0.00254
3144.555	3.3361E-4	0.00296