Time	Ir	Co
					
s	ng cm-2 s-1	ng cm-2 s-1
67	1.94067E-4	2.7927E-4
68.506	4.55949E-5	1.73105E-4
70.012	1.349E-4	2.83286E-4
71.518	4.47311E-4	3.09057E-4
73.024	1.59878E-4	1.08309E-4
74.53	9.3763E-5	2.5713E-4
76.036	1.08694E-4	3.44805E-4
77.542	1.08925E-5	1.83075E-4
79.048	1.26195E-4	2.36797E-5
80.554	6.9668E-5	1.60786E-4
82.06	2.10433E-4	6.70263E-4
83.566	2.45365E-4	2.82819E-4
85.072	8.67008E-5	3.02728E-4
86.578	8.40299E-5	1.41333E-4
88.084	1.52347E-4	9.67535E-4
89.59	9.85054E-5	2.28802E-4
91.096	8.11361E-5	3.74528E-4
92.602	1.9634E-4	5.25218E-4
94.108	5.36617E-5	2.83219E-4
95.614	3.0426E-4	1.77903E-4
97.12	1.69936E-4	1.16491E-4
98.626	6.08765E-4	8.02739E-4
100.132	9.43125E-5	1.95408E-4
101.638	4.57568E-5	1.57674E-4
103.144	2.60978E-4	2.25847E-4
104.65	1.81375E-4	2.38242E-4
106.156	1.63543E-4	2.9403E-4
107.662	1.62028E-4	2.9716E-6
109.168	2.36354E-4	4.38884E-5
110.674	5.20934E-5	3.7633E-4
112.18	6.92966E-5	2.2038E-4
113.686	9.41737E-5	1.97787E-4
115.192	3.38176E-4	4.05399E-4
116.698	6.17757E-5	2.12369E-4
118.204	6.55517E-5	1.39172E-4
119.71	1.24127E-4	3.65547E-4
121.216	4.29395E-5	3.08713E-4
122.722	1.24029E-4	2.70472E-4
124.228	5.79748E-5	2.21217E-4
125.734	1.92546E-4	2.37177E-4
127.24	8.44572E-5	2.86805E-4
128.746	1.10047E-4	4.78055E-4
130.252	2.98774E-5	7.13635E-5
131.758	7.9624E-5	1.21884E-4
133.264	1.04202E-4	1.40885E-4
134.77	1.96831E-4	4.04485E-4
136.276	8.56004E-5	1.08015E-4
137.782	6.28044E-5	1.79157E-4
139.288	6.22729E-4	5.89304E-4
140.794	0.00107	0.00119
142.3	0.002	0.00253
143.806	0.00268	0.00261
145.312	0.00381	0.00269
146.818	0.00403	0.00359
148.324	0.0052	0.00329
149.83	0.00624	0.00435
151.336	0.00557	0.00358
152.842	0.00612	0.00444
154.348	0.00653	0.0045
155.854	0.00556	0.00403
157.36	0.00574	0.00432
158.866	0.00486	0.00355
160.372	0.00528	0.00397
161.878	0.00532	0.00429
163.384	0.00452	0.00401
164.89	0.00456	0.00352
166.396	0.00476	0.00341
167.902	0.00451	0.00345
169.408	0.00378	0.00277
170.914	0.00422	0.00312
172.42	0.00403	0.00297
173.926	0.00415	0.00277
175.432	0.00352	0.00256
176.938	0.00322	0.0029
178.444	0.00348	0.0024
179.95	0.00321	0.00208
181.456	0.003	0.00219
182.962	0.00201	0.00196
184.468	0.00226	0.00177
185.974	0.00272	0.00155
187.48	0.00217	0.00189
188.986	0.00211	0.00196
190.492	0.00153	0.00185
191.998	0.00183	0.00152
193.504	0.00154	0.00137
195.01	0.00171	0.00147
196.516	0.00156	0.00148
198.022	0.00112	0.00119
199.528	0.00125	0.00133
201.034	0.00113	0.0011
202.54	9.34781E-4	0.00122
204.046	8.99978E-4	0.00163
205.552	0.00121	0.00141
207.058	9.95071E-4	0.00149
208.564	9.80885E-4	0.00135
210.07	0.00105	0.00105
211.576	0.00108	0.00159
213.082	9.4644E-4	0.00119
214.588	0.00107	9.76125E-4
216.094	8.1877E-4	0.00145
217.6	5.06846E-4	0.00122
219.106	6.44229E-4	0.00124
220.612	5.4498E-4	0.0011
222.118	5.2277E-4	0.00117
223.624	9.19688E-4	0.00132
225.13	4.43324E-4	0.00107
226.636	5.86058E-4	7.94246E-4
228.142	7.63292E-4	8.86384E-4
229.648	2.96806E-4	0.00112
231.155	7.53698E-4	0.0012
232.661	5.69066E-4	9.5657E-4
234.167	4.81815E-4	0.00124
235.673	7.12594E-4	0.00156
237.179	6.32911E-4	0.00104
238.685	3.59642E-4	0.00129
240.191	5.8683E-4	8.64478E-4
241.697	7.43973E-4	0.0012
243.203	5.95679E-4	0.00103
244.709	6.57786E-4	0.00133
246.215	6.36183E-4	0.00124
247.721	4.51942E-4	9.67953E-4
249.227	4.05262E-4	8.6651E-4
250.733	5.92343E-4	9.9154E-4
252.239	4.626E-4	0.00117
253.745	4.0432E-4	8.83335E-4
255.251	4.82899E-4	0.00128
256.757	7.1375E-4	0.00102
258.263	6.34571E-4	0.00114
259.769	2.98561E-4	0.00101
261.275	7.63013E-4	9.93929E-4
262.781	3.62976E-4	0.00138
264.287	3.64948E-4	8.76692E-4
265.793	6.09969E-4	0.00139
267.299	5.83611E-4	0.0011
268.805	6.82973E-4	6.75864E-4
270.311	6.50217E-4	0.00121
271.817	5.60431E-4	7.03264E-4
273.323	3.71129E-4	0.00125
274.829	3.67124E-4	0.0011
276.335	6.40161E-4	8.33866E-4
277.841	2.53635E-4	0.00139
279.347	5.65947E-4	0.00106
280.853	3.93558E-4	0.00119
282.359	4.80036E-4	0.00125
283.865	3.74382E-4	0.00132
285.371	5.81096E-4	0.00114
286.877	3.36199E-4	0.00107
288.383	8.00187E-4	0.00119
289.889	4.95753E-4	5.68199E-4
291.395	2.52854E-4	0.00107
292.901	3.74719E-4	0.00106
294.407	4.99292E-4	9.9038E-4
295.913	3.68902E-4	0.00151
297.419	3.76023E-4	0.00123
298.925	4.04402E-4	0.00141
300.431	4.60372E-4	0.00128
301.937	1.49423E-4	0.0013
303.443	2.24398E-4	9.5594E-4
304.949	5.27094E-4	0.00109
306.455	3.39899E-4	0.00103
307.961	6.62583E-4	0.00125
309.467	4.40772E-4	8.5166E-4
310.973	3.34368E-4	9.15861E-4
312.479	5.16056E-4	9.29129E-4
313.985	3.76495E-4	8.19386E-4
315.491	6.63339E-4	0.00118
316.997	7.68359E-4	0.00104
318.503	4.76408E-4	0.00141
320.009	7.89959E-4	9.94771E-4
321.515	7.6431E-4	0.00108
323.021	7.5918E-4	7.48676E-4
324.527	8.99498E-4	8.42386E-4
326.033	7.43284E-4	7.68813E-4
327.539	0.001	6.82316E-4
329.045	8.47629E-4	9.86625E-4
330.551	0.00115	9.17E-4
332.057	6.75795E-4	0.00109
333.563	0.00101	6.93128E-4
335.069	8.49734E-4	7.03019E-4
336.575	8.70543E-4	0.00109
338.081	8.17337E-4	0.00111
339.587	7.32974E-4	9.98522E-4
341.093	7.5858E-4	0.00101
342.599	9.70478E-4	0.00136
344.105	0.00158	0.00121
345.611	7.82451E-4	0.00105
347.117	0.00111	9.34213E-4
348.623	0.00103	9.11656E-4
350.129	6.92994E-4	0.00104
351.635	0.00126	0.00103
353.141	7.52672E-4	0.00105
354.647	8.46483E-4	5.81944E-4
356.153	9.51605E-4	0.00123
357.659	6.97357E-4	0.0012
359.165	7.54259E-4	9.25989E-4
360.671	9.31225E-4	6.74329E-4
362.177	9.82703E-4	0.00113
363.683	5.56117E-4	8.47098E-4
365.189	8.55354E-4	0.00114
366.695	5.54439E-4	0.00105
368.201	7.19919E-4	0.001
369.707	6.25511E-4	0.00107
371.213	7.75023E-4	9.27694E-4
372.719	7.04487E-4	0.0011
374.225	5.27165E-4	0.00113
375.731	7.74331E-4	0.00117
377.237	5.74287E-4	0.00115
378.743	4.5352E-4	0.00103
380.249	6.91198E-4	0.00109
381.755	5.1023E-4	0.00118
383.261	7.1641E-4	0.00104
384.767	4.09277E-4	8.51399E-4
386.273	0.00101	0.00123
387.779	4.70408E-4	9.99242E-4
389.285	7.45458E-4	0.00113
390.791	5.49835E-4	0.00127
392.297	5.06668E-4	9.58862E-4
393.803	4.65944E-4	8.99494E-4
395.309	5.46965E-4	0.00111
396.816	7.91681E-4	5.06802E-4
398.322	4.02212E-4	0.00116
399.828	8.13936E-4	7.5683E-4
401.334	7.68841E-4	0.00112
402.84	5.18118E-4	0.00104
404.346	3.92692E-4	0.00124
405.852	5.17918E-4	7.03333E-4
407.358	9.16452E-4	8.4309E-4
408.864	4.75271E-4	0.00113
410.37	5.7962E-4	0.00124
411.876	6.33616E-4	0.00101
413.382	6.53883E-4	0.00127
414.888	5.94013E-4	0.00109
416.394	4.56273E-4	0.00127
417.9	3.76285E-4	0.00117
419.406	4.19747E-4	0.00121
420.912	5.69314E-4	8.70898E-4
422.418	5.13747E-4	0.00111
423.924	3.04193E-4	9.05671E-4
425.43	5.42028E-4	0.00115
426.936	5.75329E-4	9.26875E-4
428.442	4.81837E-4	9.22279E-4
429.948	3.00733E-4	0.0012
431.454	3.63E-4	0.00114
432.96	3.19374E-4	9.07653E-4
434.466	2.90214E-4	8.91837E-4
435.972	4.48438E-4	9.1851E-4
437.478	5.3314E-4	9.86265E-4
438.984	2.99061E-4	0.00101
440.49	4.19878E-4	8.27274E-4
441.996	5.30384E-4	8.69283E-4
443.502	3.64841E-4	6.81404E-4
445.008	6.30968E-4	0.00138
446.514	6.31384E-4	7.80922E-4
448.02	4.02447E-4	7.47841E-4
449.526	4.43614E-4	8.68055E-4
451.032	4.38608E-4	9.31836E-4
452.538	2.97916E-4	7.37674E-4
454.044	5.36755E-4	0.00111
455.55	5.57942E-4	0.00102
457.056	5.61109E-4	9.45668E-4
458.562	3.84879E-4	0.001
460.068	2.92711E-4	8.80169E-4
461.574	3.33927E-4	9.73891E-4
463.08	4.2892E-4	7.05262E-4
464.586	5.50527E-4	8.41669E-4
466.092	2.96126E-4	0.001
467.598	2.19955E-4	0.0013
469.104	4.48705E-4	0.00108
470.61	4.57858E-4	0.00109
472.116	3.6373E-4	0.00119
473.622	3.64767E-4	0.00104
475.128	3.01011E-4	6.89237E-4
476.634	3.51455E-4	7.10631E-4
478.14	2.8382E-4	0.00119
479.646	3.92005E-4	9.90015E-4
481.152	4.0739E-4	7.09114E-4
482.658	4.4892E-4	0.00104
484.164	2.89571E-4	8.97923E-4
485.67	6.65219E-4	9.63014E-4
487.176	2.5335E-4	0.00101
488.682	2.54826E-4	9.5725E-4
490.188	3.96825E-4	0.00111
491.694	3.29457E-4	0.0011
493.2	4.08178E-4	0.00108
494.706	2.95317E-4	8.10563E-4
496.212	3.31484E-4	8.50828E-4
497.718	2.65381E-4	0.00107
499.224	4.98839E-4	0.00101
500.73	4.46622E-4	9.33861E-4
502.236	3.3304E-4	0.0011
503.742	5.5094E-4	8.66066E-4
505.248	5.37823E-4	9.70483E-4
506.754	3.27983E-4	0.00108
508.26	6.0836E-4	0.00123
509.766	6.02498E-4	9.28705E-4
511.272	3.40875E-4	7.06565E-4
512.778	7.01726E-4	0.00109
514.284	3.94866E-4	0.00111
515.79	4.3509E-4	7.385E-4
517.296	4.68901E-4	0.00106
518.802	3.86816E-4	8.03128E-4
520.308	2.23786E-4	6.19209E-4
521.814	4.43154E-4	9.36287E-4
523.32	4.81848E-4	6.63209E-4
524.826	3.70568E-4	0.00123
526.332	2.25536E-4	0.00135
527.838	4.18538E-4	9.9016E-4
529.344	3.19554E-4	0.00101
530.85	4.5155E-4	6.71222E-4
532.356	4.97893E-4	0.0012
533.862	4.70201E-4	0.00137
535.368	5.29587E-4	0.00117
536.874	5.77372E-4	0.00104
538.38	3.31133E-4	0.00102
539.886	4.00554E-4	8.45862E-4
541.392	4.04164E-4	6.14152E-4
542.898	3.99444E-4	8.47098E-4
544.404	4.20331E-4	9.84574E-4
545.91	2.94766E-4	9.72105E-4
547.416	4.89946E-4	0.00106
548.922	4.06475E-4	8.66125E-4
550.428	2.94437E-4	9.44769E-4
551.934	7.59706E-5	0.00109
553.44	5.05815E-4	0.00136
554.946	5.16194E-4	7.2934E-4
556.452	2.9873E-4	0.00137
557.958	3.24644E-4	0.00105
559.464	6.04372E-4	8.66314E-4
560.971	3.29404E-4	9.4507E-4
562.477	3.04375E-4	0.00119
563.983	5.13576E-4	9.72033E-4
565.489	3.69864E-4	0.00103
566.995	4.11519E-4	6.56374E-4
568.501	3.68868E-4	5.69834E-4
570.007	1.51712E-4	9.35249E-4
571.513	3.71027E-4	8.43584E-4
573.019	2.87638E-4	9.30979E-4
574.525	3.8443E-4	0.00113
576.031	3.9964E-4	9.08636E-4
577.537	4.47017E-4	0.00101
579.043	3.71615E-4	0.00109
580.549	2.99068E-4	0.00109
582.055	7.20842E-4	7.69627E-4
583.561	3.70593E-4	0.00135
585.067	4.00536E-4	8.37054E-4
586.573	4.47758E-4	5.87122E-4
588.079	2.57273E-4	8.90928E-4
589.585	3.30555E-4	8.3445E-4
591.091	2.71843E-4	0.00145
592.597	3.58185E-4	9.78883E-4
594.103	3.97741E-4	0.00126
595.609	3.42998E-4	8.75979E-4
597.115	4.50241E-4	8.29663E-4
598.621	7.44343E-5	0.00108
600.127	3.31323E-4	9.50641E-4
601.633	2.94211E-4	8.25364E-4
603.139	3.41012E-4	0.00125
604.645	2.22494E-4	9.45801E-4
606.151	5.4865E-4	0.00107
607.657	2.8391E-4	9.30088E-4
609.163	1.08282E-4	9.05738E-4
610.669	3.66507E-4	8.90656E-4
612.175	5.09209E-4	8.8369E-4
613.681	3.56901E-4	8.19386E-4
615.187	2.227E-4	0.00131
616.693	5.65061E-4	6.88893E-4
618.199	2.58709E-4	9.2216E-4
619.705	3.44456E-4	0.00115
621.211	2.23742E-4	8.40448E-4
622.717	2.99266E-4	9.50226E-4
624.223	4.08252E-4	0.00109
625.729	4.4545E-4	0.00109
627.235	3.38657E-4	0.00112
628.741	2.20135E-4	0.00129
630.247	2.58292E-4	9.02319E-4
631.753	1.5127E-4	0.00105
633.259	1.89124E-4	0.00118
634.765	3.97532E-4	9.32511E-4
636.271	2.70457E-4	7.46982E-4
637.777	4.10954E-4	6.42282E-4
639.283	4.41335E-4	0.00101
640.789	3.27901E-4	7.21245E-4
642.295	4.09632E-4	9.23682E-4
643.801	3.67509E-4	9.25276E-4
645.307	3.58767E-4	0.00104
646.813	2.96604E-4	0.00101
648.319	4.09296E-4	9.53495E-4
649.825	2.85773E-4	8.26309E-4
651.331	5.51805E-4	0.0012
652.837	3.4758E-4	9.43734E-4
654.343	3.78735E-4	8.15517E-4
655.849	2.62093E-4	7.4808E-4
657.355	3.459E-4	9.55475E-4
658.861	1.12298E-4	0.00137
660.367	2.654E-4	0.00128
661.873	4.19571E-4	5.82076E-4
663.379	2.22987E-4	0.00119
664.885	4.16842E-4	0.00143
666.391	4.89879E-4	0.00117
667.897	4.97415E-4	0.00124
669.403	2.60425E-4	0.00112
670.909	4.47697E-4	0.00134
672.415	2.34737E-4	6.56222E-4
673.921	2.93493E-4	0.00108
675.427	4.39451E-4	0.00107
676.933	5.2016E-4	8.39056E-4
678.439	6.04318E-4	9.64302E-4
679.945	5.515E-4	8.85323E-4
681.451	4.098E-4	0.00104
682.957	4.39953E-4	0.00108
684.463	4.14365E-4	7.68387E-4
685.969	3.43558E-4	0.00123
687.475	7.63657E-4	8.38845E-4
688.981	3.05074E-4	0.00123
690.487	4.90818E-4	8.6809E-4
691.993	6.28754E-4	9.46215E-4
693.499	3.68506E-4	0.00103
695.005	4.47737E-4	0.0013
696.511	5.13588E-4	9.81133E-4
698.017	3.75353E-4	9.56921E-4
699.523	4.05702E-4	0.00116
701.029	6.59292E-4	0.00109
702.535	6.26116E-4	0.00105
704.041	6.60285E-4	0.00128
705.547	3.0307E-4	8.21632E-4
707.053	2.99125E-4	0.00103
708.559	6.79275E-4	7.86171E-4
710.065	4.4892E-4	9.76644E-4
711.571	6.1578E-4	0.00111
713.077	4.01606E-4	0.00114
714.583	6.72439E-4	0.00126
716.089	4.70894E-4	7.54952E-4
717.595	6.51729E-4	0.00109
719.101	7.4471E-4	9.9372E-4
720.607	4.17219E-4	9.28338E-4
722.113	2.91959E-4	8.23187E-4
723.619	5.87514E-4	9.0594E-4
725.125	5.98675E-4	0.00106
726.632	5.34562E-4	0.00109
728.138	3.93477E-4	8.57011E-4
729.644	8.62538E-4	5.78842E-4
731.15	4.66087E-4	8.85053E-4
732.656	4.14767E-4	9.9547E-4
734.162	6.08609E-4	0.00132
735.668	5.37079E-4	8.46242E-4
737.174	4.90404E-4	0.00137
738.68	6.16237E-4	0.00112
740.186	3.67952E-4	0.00151
741.692	2.24376E-4	0.00117
743.198	3.6902E-4	8.17807E-4
744.704	3.02127E-4	0.00132
746.21	4.13498E-4	8.14919E-4
747.716	5.12509E-4	9.00992E-4
749.222	5.96568E-4	0.00113
750.728	5.5353E-4	0.00114
752.234	3.78876E-4	9.40523E-4
753.74	4.07344E-4	7.43198E-4
755.246	6.44607E-4	0.00102
756.752	5.78914E-4	8.45165E-4
758.258	2.59707E-4	0.00101
759.764	5.19033E-4	0.00106
761.27	5.58603E-4	9.48308E-4
762.776	2.98554E-4	0.00121
764.282	3.38008E-4	0.00108
765.788	2.96445E-4	8.85721E-4
767.294	6.64052E-4	0.0011
768.8	3.33232E-4	9.4718E-4
770.306	2.25046E-4	9.78826E-4
771.812	1.89139E-4	0.0013
773.318	4.33532E-4	0.00113
774.824	5.87643E-4	9.17482E-4
776.33	5.185E-4	0.00121
777.836	3.39524E-4	0.00108
779.342	4.04466E-4	0.00113
780.848	5.63206E-4	0.00131
782.354	3.68439E-4	0.00127
783.86	4.63233E-4	0.00136
785.366	3.40067E-4	9.1386E-4
786.872	3.31057E-4	9.68524E-4
788.378	3.27699E-4	0.00135
789.884	4.5092E-4	0.00144
791.39	4.42358E-4	0.00112
792.896	3.76713E-4	0.00115
794.402	3.29223E-4	0.00103
795.908	3.31919E-4	0.0013
797.414	2.60662E-4	7.77551E-4
798.92	4.03236E-4	8.4944E-4
800.426	5.30806E-4	0.0013
801.932	3.81044E-4	0.00112
803.438	2.68532E-4	0.00103
804.944	5.00244E-4	6.99701E-4
806.45	2.57639E-4	0.00127
807.956	5.08371E-4	0.00131
809.462	4.83062E-4	0.00101
810.968	2.51866E-4	7.35002E-4
812.474	4.18324E-4	0.00105
813.98	2.92819E-4	9.79037E-4
815.486	2.19332E-4	0.00117
816.992	5.24799E-4	0.00102
818.498	3.36544E-4	8.54798E-4
820.004	2.15093E-4	9.03457E-4
821.51	4.01219E-4	0.00125
823.016	2.93575E-4	0.00104
824.522	4.00823E-4	0.00132
826.028	4.49257E-4	0.00106
827.534	3.8082E-4	9.18085E-4
829.04	2.88124E-4	7.02519E-4
830.546	1.8032E-4	5.46941E-4
832.052	3.3307E-4	0.00103
833.558	2.20432E-4	0.00103
835.064	3.50854E-4	8.56147E-4
836.57	1.44043E-4	0.00102
838.076	3.64437E-4	7.82252E-4
839.582	4.0329E-4	8.38304E-4
841.088	3.32456E-4	0.00116
842.594	1.44817E-4	0.00109
844.1	4.05207E-4	8.44441E-4
845.606	4.08225E-4	9.76551E-4
847.112	2.97678E-4	0.00105
848.618	3.40043E-4	0.00126
850.124	2.59306E-4	9.22411E-4
851.63	2.26903E-4	0.00124
853.136	2.94272E-4	8.63113E-4
854.642	7.69896E-5	0.00119
856.148	2.99753E-4	8.38781E-4
857.654	4.0496E-4	8.4386E-4
859.16	3.0814E-4	0.00105
860.666	6.46764E-4	0.00102
862.172	3.84684E-4	5.46422E-4
863.678	2.29525E-4	7.26086E-4
865.184	2.01435E-4	0.00114
866.69	2.57061E-4	8.7051E-4
868.196	3.21769E-4	7.50776E-4
869.702	2.14579E-4	0.00112
871.208	1.85652E-4	0.00111
872.714	5.36498E-4	9.87142E-4
874.22	3.79576E-4	0.00104
875.726	3.71555E-4	8.87005E-4
877.232	4.45884E-4	7.82252E-4
878.738	3.28568E-4	0.00125
880.244	5.3745E-4	7.36024E-4
881.75	2.95372E-4	0.00101
883.256	5.2107E-4	8.90207E-4
884.762	2.97657E-4	9.29403E-4
886.268	3.7611E-4	9.40942E-4
887.774	1.52063E-4	8.22621E-4
889.28	4.58951E-4	8.48984E-4
890.787	4.98254E-4	7.67034E-4
892.293	4.22669E-4	0.00128
893.799	4.30854E-4	0.00127
895.305	3.17147E-4	9.27809E-4
896.811	2.58127E-4	9.99772E-4
898.317	3.26506E-4	0.00102
899.823	2.22036E-4	0.0011
901.329	2.23448E-4	0.00101
902.835	4.72319E-4	8.49092E-4
904.341	2.07275E-4	9.68032E-4
905.847	2.44272E-4	0.00118
907.353	3.51568E-4	8.90574E-4
908.859	3.9696E-4	0.0012
910.365	3.23708E-4	0.00117
911.871	2.88688E-4	0.00148
913.377	3.13607E-4	0.00142
914.883	3.65931E-4	0.00124
916.389	3.42188E-4	0.00105
917.895	3.3819E-4	0.00105
919.401	3.75405E-4	0.00133
920.907	1.56157E-4	0.00105
922.413	4.98947E-4	0.00158
923.919	3.70492E-4	6.65314E-4
925.425	2.25846E-4	8.91125E-4
926.931	3.36591E-4	0.00101
928.437	4.48267E-4	8.45476E-4
929.943	4.91973E-4	6.3439E-4
931.449	1.05379E-4	8.88813E-4
932.955	5.63206E-4	0.00123
934.461	3.79133E-4	0.00111
935.967	2.96806E-4	9.03925E-4
937.473	4.03145E-4	6.38913E-4
938.979	4.11783E-4	9.63404E-4
940.485	2.92433E-4	0.00113
941.991	2.29132E-4	0.00137
943.497	2.56873E-4	0.00107
945.003	5.81767E-4	0.00113
946.509	3.38325E-4	0.00114
948.015	6.18215E-4	0.00104
949.521	3.68112E-4	9.48286E-4
951.027	3.71172E-4	7.97672E-4
952.533	3.60634E-4	8.47385E-4
954.039	1.86578E-4	0.00106
955.545	4.31756E-4	0.00109
957.051	2.27895E-4	7.78271E-4
958.557	3.66291E-4	9.03652E-4
960.063	3.32456E-4	0.00107
961.569	5.76639E-4	8.26644E-4
963.075	3.0235E-4	6.49831E-4
964.581	4.15668E-4	7.75454E-4
966.087	3.35348E-4	0.00108
967.593	4.11246E-4	0.00127
969.099	2.84535E-4	9.39131E-4
970.605	2.62011E-4	7.20793E-4
972.111	2.21029E-4	9.03036E-4
973.617	4.25653E-4	0.00121
975.123	2.3242E-4	0.00111
976.629	7.43583E-5	9.57131E-4
978.135	4.83944E-4	0.00109
979.641	4.13365E-4	7.07636E-4
981.147	1.52095E-4	7.11092E-4
982.653	4.2253E-4	7.70358E-4
984.159	2.61279E-4	0.00107
985.665	1.8086E-4	0.00125
987.171	3.06836E-4	0.00104
988.677	1.85532E-4	0.00141
990.183	2.23258E-4	8.9872E-4
991.689	2.87217E-4	0.001
993.195	2.96848E-4	7.6945E-4
994.701	2.61216E-4	0.00118
996.207	2.27098E-4	0.00131
997.713	3.71624E-4	0.00105
999.219	2.48685E-4	0.00105
1000.725	2.27342E-4	7.31533E-4
1002.231	3.03272E-4	7.86289E-4
1003.737	2.68833E-4	6.44402E-4
1005.243	2.83878E-4	9.89535E-4
1006.749	2.44122E-4	8.12375E-4
1008.255	3.84954E-4	0.00115
1009.761	2.99569E-4	6.41355E-4
1011.267	4.43594E-4	6.7066E-4
1012.773	2.57919E-4	7.20227E-4
1014.279	2.99379E-4	0.00115
1015.785	5.9123E-4	7.41852E-4
1017.291	4.74361E-4	0.00138
1018.797	2.67449E-4	0.00136
1020.303	5.76322E-4	9.91049E-4
1021.809	2.3312E-4	0.00136
1023.315	2.33858E-4	0.00122
1024.821	5.00148E-4	0.00102
1026.327	2.65375E-4	0.00104
1027.833	7.05712E-4	7.15774E-4
1029.339	3.44113E-4	4.95635E-4
1030.845	3.07479E-4	9.34507E-4
1032.351	4.36231E-4	9.97956E-4
1033.857	4.94652E-4	0.00107
1035.363	4.83541E-4	7.72179E-4
1036.869	1.8729E-4	7.28881E-4
1038.375	5.23747E-4	9.38297E-4
1039.881	4.1386E-4	0.00111
1041.387	3.0837E-4	6.92813E-4
1042.893	4.07057E-4	9.17632E-4
1044.399	4.08578E-4	0.00126
1045.905	3.36614E-4	8.71158E-4
1047.411	2.1774E-4	0.0011
1048.917	4.83541E-4	9.38065E-4
1050.423	4.04429E-4	0.00113
1051.929	4.27541E-4	0.0011
1053.435	3.40659E-4	0.00123
1054.941	5.98729E-4	0.00114
1056.448	4.46278E-4	0.00103
1057.954	3.98633E-4	0.00112
1059.46	1.83065E-4	9.6218E-4
1060.966	2.2785E-4	0.00113
1062.472	2.96695E-4	7.67142E-4
1063.978	4.48369E-4	0.00112
1065.484	3.71658E-4	7.0735E-4
1066.99	3.3789E-4	9.02386E-4
1068.496	4.55821E-4	0.00108
1070.002	3.59915E-4	0.00123
1071.508	2.28945E-4	9.32697E-4
1073.014	5.08728E-4	7.53765E-4
1074.52	1.89091E-4	0.00126
1076.026	3.99953E-4	0.00106
1077.532	4.92897E-4	9.97229E-4
1079.038	4.81815E-4	8.39605E-4
1080.544	3.23077E-4	9.25004E-4
1082.05	4.53707E-4	8.89385E-4
1083.556	2.89331E-4	9.07744E-4
1085.062	5.83305E-4	8.38825E-4
1086.568	2.61454E-4	0.00164
1088.074	3.32348E-4	0.00133
1089.58	4.80111E-4	0.00104
1091.086	3.36928E-4	9.98262E-4
1092.592	2.27294E-4	8.42828E-4
1094.098	4.16312E-4	9.70716E-4
1095.604	6.575E-4	0.0015
1097.11	4.17074E-4	6.47504E-4
1098.616	2.96896E-4	0.00105
1100.122	5.36498E-4	0.00106
1101.628	4.05528E-4	0.00105
1103.134	3.79283E-4	0.00107
1104.64	2.54545E-4	7.91079E-4
1106.146	5.58491E-4	0.00112
1107.652	2.65747E-4	0.00116
1109.158	2.92487E-4	8.59925E-4
1110.664	4.56284E-4	9.22368E-4
1112.17	3.69492E-4	0.00104
1113.676	4.44816E-4	0.00105
1115.182	5.72967E-4	7.83767E-4
1116.688	3.29268E-4	9.73368E-4
1118.194	2.22397E-4	8.9739E-4
1119.7	2.54497E-4	0.00106
1121.206	3.92743E-4	0.00122
1122.712	5.45577E-4	8.96398E-4
1124.218	5.58803E-4	0.00105
1125.724	3.67709E-4	9.5092E-4
1127.23	3.56363E-4	0.00109
1128.736	5.5471E-4	0.00113
1130.242	2.73966E-4	0.00106
1131.748	3.32847E-4	0.00109
1133.254	4.78504E-4	9.58324E-4
1134.76	3.60391E-4	0.00103
1136.266	1.46578E-4	0.00113
1137.772	4.49134E-4	9.53753E-4
1139.278	5.37165E-4	0.00128
1140.784	3.77309E-4	8.70281E-4
1142.29	4.05271E-4	0.00108
1143.796	6.52291E-4	0.0011
1145.302	2.59343E-4	0.00123
1146.808	2.53338E-4	0.00103
1148.314	3.32617E-4	0.00104
1149.82	4.20952E-4	0.00124
1151.326	2.18974E-4	0.00113
1152.832	2.9947E-4	0.001
1154.338	4.4543E-4	0.0011
1155.844	3.74071E-4	0.0011
1157.35	2.19337E-4	0.0011
1158.856	2.63664E-4	0.00105
1160.362	3.35223E-4	0.00119
1161.868	2.526E-4	0.0011
1163.374	3.90795E-4	0.00107
1164.88	4.58835E-4	8.06548E-4
1166.386	1.80254E-4	0.00129
1167.892	2.96188E-4	9.90231E-4
1169.398	2.25387E-4	0.00123
1170.904	3.76976E-4	8.8369E-4
1172.41	2.69222E-4	0.00118
1173.916	3.40442E-4	0.00115
1175.422	3.38024E-4	6.69348E-4
1176.928	4.02528E-4	0.00129
1178.434	2.59324E-4	0.00118
1179.94	3.0506E-4	9.54406E-4
1181.446	5.44465E-4	0.00127
1182.952	5.41438E-4	0.00126
1184.458	3.08251E-4	0.00101
1185.964	2.96008E-4	0.00122
1187.47	3.60812E-4	0.00106
1188.976	3.42115E-4	0.00101
1190.482	3.45366E-4	9.74046E-4
1191.988	1.85435E-4	0.00104
1193.494	3.85978E-4	0.00103
1195	2.16163E-4	0.00104
1196.506	5.80603E-4	0.00117
1198.012	3.16022E-4	8.81802E-4
1199.518	3.7544E-4	0.00106
1201.024	5.28386E-4	0.00119
1202.53	4.08522E-4	0.00106
1204.036	2.64103E-4	0.00112
1205.542	2.64351E-4	8.90609E-4
1207.048	4.81577E-4	0.00118
1208.554	2.19601E-4	0.00124
1210.06	3.64758E-4	8.89385E-4
1211.566	2.6009E-4	0.00103
1213.072	4.07048E-4	0.00118
1214.578	2.605E-4	0.00133
1216.084	2.97273E-4	0.00109
1217.59	5.87695E-4	0.00118
1219.096	6.575E-4	9.6287E-4
1220.602	4.07325E-4	0.00119
1222.109	4.93507E-4	0.00113
1223.615	3.82847E-4	0.00115
1225.121	3.09828E-4	0.00102
1226.627	3.84957E-4	7.96179E-4
1228.133	4.94289E-4	7.96243E-4
1229.639	3.32901E-4	0.0011
1231.145	1.48443E-4	0.00113
1232.651	3.00129E-4	0.00116
1234.157	3.28907E-4	0.00147
1235.663	3.03236E-4	0.00148
1237.169	3.71479E-4	0.00112
1238.675	3.37771E-4	0.00109
1240.181	1.84647E-4	0.00136
1241.687	5.7114E-4	0.00104
1243.193	2.52324E-4	0.00121
1244.699	1.45598E-4	9.447E-4
1246.205	3.94945E-4	9.81247E-4
1247.711	4.16564E-4	0.00129
1249.217	3.33889E-4	0.00105
1250.723	7.14652E-4	0.00176
1252.229	5.59175E-4	0.00101
1253.735	5.27464E-4	0.00151
1255.241	4.62682E-4	0.00179
1256.747	2.26057E-4	0.00151
1258.253	5.49569E-4	0.00199
1259.759	3.47397E-4	0.00153
1261.265	4.88388E-4	9.48286E-4
1262.771	6.47921E-4	0.00156
1264.277	5.63853E-4	0.0014
1265.783	6.38473E-4	0.00122
1267.289	2.32583E-4	8.23459E-4
1268.795	3.01647E-4	0.00114
1270.301	3.66025E-4	0.00106
1271.807	1.88481E-4	0.00145
1273.313	4.77832E-4	7.66796E-4
1274.819	4.63082E-4	0.00112
1276.325	2.64664E-4	0.00112
1277.831	4.95448E-4	9.42591E-4
1279.337	4.16649E-4	0.00111
1280.843	3.87363E-4	0.00102
1282.349	5.65585E-4	0.00107
1283.855	1.53915E-4	8.60109E-4
1285.361	2.21532E-4	9.74046E-4
1286.867	3.89397E-4	0.00109
1288.373	3.44423E-4	0.00117
1289.879	5.67481E-4	9.48978E-4
1291.385	3.8083E-4	8.48463E-4
1292.891	3.42293E-4	0.00124
1294.397	4.1253E-4	0.00121
1295.903	4.77247E-4	0.00119
1297.409	2.22878E-4	0.00104
1298.915	3.0253E-4	0.00119
1300.421	4.13261E-4	0.00113
1301.927	5.17702E-4	0.00109
1303.433	3.25676E-4	0.00106
1304.939	4.03336E-4	0.00125
1306.445	5.27835E-4	0.00105
1307.951	3.00612E-4	0.00132
1309.457	3.68162E-4	9.07744E-4
1310.963	4.59036E-4	9.98163E-4
1312.469	3.37527E-4	0.00122
1313.975	2.64504E-4	0.00124
1315.481	2.95821E-4	0.00134
1316.987	5.16745E-4	0.00112
1318.493	4.25137E-4	0.00116
1319.999	4.87967E-4	9.13794E-4
1321.505	3.00797E-4	0.00129
1323.011	5.95189E-4	0.00105
1324.517	4.46632E-4	0.00105
1326.023	6.20182E-4	0.00127
1327.529	5.1793E-4	0.00139
1329.035	6.12082E-4	0.00155
1330.541	5.33557E-4	0.00127
1332.047	4.59922E-4	0.00143
1333.553	3.97751E-4	0.00124
1335.059	5.8386E-4	0.00111
1336.565	5.32602E-4	0.00127
1338.071	4.21681E-4	0.00125
1339.577	1.86709E-4	0.0013
1341.083	3.76503E-4	0.00116
1342.589	4.45188E-4	0.00108
1344.095	1.12028E-4	8.91782E-4
1345.601	4.15591E-4	0.00118
1347.107	2.28718E-4	0.00109
1348.613	3.69475E-4	0.00103
1350.119	5.15849E-4	0.00128
1351.625	3.45596E-4	0.00107
1353.131	5.51415E-4	0.00101
1354.637	2.55443E-4	0.00103
1356.143	2.71509E-4	8.69012E-4
1357.649	4.84447E-4	0.00102
1359.155	4.86652E-4	0.00104
1360.661	6.01498E-4	0.00112
1362.167	3.5952E-5	9.90754E-4
1363.673	2.57E-4	6.72113E-4
1365.179	4.23472E-4	0.00125
1366.685	4.11236E-4	0.00125
1368.191	4.14557E-4	0.00149
1369.697	2.30674E-4	0.00111
1371.203	5.25546E-4	8.64478E-4
1372.709	3.5341E-4	0.00126
1374.215	4.54929E-4	0.00103
1375.721	3.39612E-4	0.00134
1377.227	4.01282E-4	0.00141
1378.733	2.9976E-4	0.00143
1380.239	1.09277E-4	0.00106
1381.745	3.32126E-4	0.00106
1383.251	2.99647E-4	9.71265E-4
1384.757	4.87337E-4	0.00101
1386.264	4.66596E-4	0.00113
1387.77	3.38285E-4	0.00146
1389.276	3.94778E-4	8.85543E-4
1390.782	5.39948E-4	9.64388E-4
1392.288	2.35134E-4	0.00133
1393.794	4.25027E-4	0.00102
1395.3	4.5092E-4	0.00111
1396.806	1.56664E-4	7.98594E-4
1398.312	1.14213E-4	8.06071E-4
1399.818	2.72024E-4	0.00101
1401.324	4.95061E-4	0.0011
1402.83	2.67533E-4	0.00118
1404.336	3.74243E-4	0.00111
1405.842	3.66615E-4	0.00125
1407.348	3.87299E-4	0.00152
1408.854	2.95152E-4	8.67497E-4
1410.36	4.19483E-4	0.00123
1411.866	3.07006E-4	8.6356E-4
1413.372	3.15994E-4	6.83241E-4
1414.878	2.21071E-4	9.66457E-4
1416.384	2.32263E-4	9.5519E-4
1417.89	6.40261E-4	9.14542E-4
1419.396	3.89054E-4	8.51148E-4
1420.902	4.2675E-4	0.00116
1422.408	3.09229E-4	9.10734E-4
1423.914	6.30408E-4	0.00115
1425.42	4.06365E-4	0.00117
1426.926	4.0167E-4	0.00122
1428.432	4.44596E-4	8.98042E-4
1429.938	5.54599E-4	0.00111
1431.444	3.30798E-4	9.00917E-4
1432.95	2.99237E-4	8.03667E-4
1434.456	3.15055E-4	8.98203E-4
1435.962	3.58335E-4	0.00106
1437.468	4.17238E-4	0.00109
1438.974	4.77491E-4	9.20424E-4
1440.48	3.30821E-4	0.00114
1441.986	3.82164E-4	0.00132
1443.492	5.19846E-4	0.00127
1444.998	4.52346E-4	9.0045E-4
1446.504	4.67137E-4	0.00112
1448.01	4.50365E-4	7.74732E-4
1449.516	4.7995E-4	9.47457E-4
1451.022	4.18091E-4	0.00106
1452.528	4.48348E-4	7.53118E-4
1454.034	2.67837E-4	0.00117
1455.54	2.34935E-4	7.20381E-4
1457.046	2.49184E-4	0.00122
1458.552	5.51183E-4	0.00103
1460.058	3.65967E-4	8.68249E-4
1461.564	4.31538E-4	0.0011
1463.07	4.86421E-4	0.00118
1464.576	5.19462E-4	9.09447E-4
1466.082	4.90975E-4	0.00137
1467.588	3.37826E-4	9.29106E-4
1469.094	3.88036E-4	7.66267E-4
1470.6	5.16596E-4	0.00119
1472.106	5.16734E-4	0.00147
1473.612	4.05409E-4	9.39019E-4
1475.118	2.59583E-4	0.00145
1476.624	3.39819E-4	0.00104
1478.13	6.02336E-4	9.19763E-4
1479.636	4.87801E-4	6.84949E-4
1481.142	2.98028E-4	8.82962E-4
1482.648	3.9906E-4	8.16358E-4
1484.154	4.66118E-4	9.34437E-4
1485.66	4.41603E-4	8.56482E-4
1487.166	3.3623E-4	9.2085E-4
1488.672	3.84866E-4	9.67169E-4
1490.178	3.39923E-4	0.00102
1491.684	4.45561E-4	0.00131
1493.19	4.02438E-4	9.37453E-4
1494.696	2.6305E-4	0.07202
1496.202	3.14084E-4	0.00106
1497.708	1.89526E-4	6.30376E-4
1499.214	3.30327E-4	0.00134
1500.72	1.52292E-4	0.00114
1502.226	4.33006E-4	8.3147E-4
1503.732	3.78585E-4	8.4199E-4
1505.238	4.44154E-4	0.00114
1506.744	1.96103E-4	0.00122
1508.25	5.45864E-4	0.00125
1509.756	2.89358E-4	0.00108
1511.262	3.04513E-4	0.00122
1512.768	1.84895E-4	0.00141
1514.274	3.71223E-4	0.00105
1515.78	2.26758E-4	0.00125
1517.286	4.60113E-4	8.86186E-4
1518.792	2.9478E-4	0.00113
1520.298	3.84702E-4	0.00158
1521.804	2.98077E-4	8.64282E-4
1523.31	3.78091E-4	8.79863E-4
1524.816	3.42026E-4	8.70201E-4
1526.322	3.51458E-4	0.00152
1527.828	5.16413E-4	7.70348E-4
1529.334	2.37765E-4	7.46434E-4
1530.84	2.99527E-4	0.00106
1532.346	3.73493E-4	0.00149
1533.852	3.02638E-4	0.00116
1535.358	4.42557E-4	0.00109
1536.864	4.02737E-4	0.00131
1538.37	3.69518E-4	9.07961E-4
1539.876	6.08705E-4	0.0011
1541.382	4.64862E-4	0.00114
1542.888	3.39237E-4	0.00116
1544.394	3.40835E-4	0.00115
1545.9	3.48864E-4	0.00117
1547.406	3.38111E-4	6.65899E-4
1548.912	6.03203E-4	8.12533E-4
1550.418	2.63842E-4	0.00112
1551.925	4.16804E-4	8.25433E-4
1553.431	4.01304E-4	9.04731E-4
1554.937	4.12758E-4	0.00125
1556.443	6.16217E-4	8.24765E-4
1557.949	2.33178E-4	9.94321E-4
1559.455	2.67501E-4	0.00127
1560.961	2.73073E-4	9.96492E-4
1562.467	2.19839E-4	8.36928E-4
1563.973	2.63246E-4	0.00122
1565.479	3.34562E-4	0.00117
1566.985	1.90833E-4	9.35706E-4
1568.491	5.80906E-4	0.00113
1569.997	3.44243E-4	0.00128
1571.503	3.42868E-4	8.88183E-4
1573.009	2.22565E-4	0.00155
1574.515	3.41526E-4	0.00115
1576.021	1.85075E-4	0.00109
1577.527	2.33401E-4	0.00101
1579.033	4.55968E-4	9.68236E-4
1580.539	2.31157E-4	0.00137
1582.045	5.25712E-4	8.57978E-4
1583.551	4.10353E-4	0.00118
1585.057	3.44464E-4	0.00101
1586.563	4.57995E-4	9.82528E-4
1588.069	2.67383E-4	0.00144
1589.575	1.5061E-4	0.0012
1591.081	5.51732E-4	0.00133
1592.587	6.55149E-4	0.00113
1594.093	2.66043E-4	0.00107
1595.599	1.87018E-4	0.00111
1597.105	4.90186E-4	9.31867E-4
1598.611	3.41591E-4	9.33455E-4
1600.117	3.26975E-4	0.0011
1601.623	5.58042E-4	9.74427E-4
1603.129	3.72436E-4	0.00126
1604.635	3.40859E-4	9.06051E-4
1606.141	6.43461E-4	0.00125
1607.647	6.12481E-4	8.65527E-4
1609.153	3.72059E-4	0.00124
1610.659	3.44505E-4	0.00106
1612.165	5.19218E-4	9.2155E-4
1613.671	2.798E-4	0.00115
1615.177	2.78621E-4	0.0012
1616.683	8.33377E-4	0.00124
1618.189	2.89853E-4	7.67995E-4
1619.695	4.3989E-4	0.00134
1621.201	3.47464E-4	0.00121
1622.707	4.68152E-4	0.00104
1624.213	4.22956E-4	8.47227E-4
1625.719	3.71743E-4	0.00137
1627.225	5.18095E-4	0.00144
1628.731	4.12568E-4	0.00119
1630.237	4.49831E-4	0.00106
1631.743	4.0453E-4	0.00101
1633.249	3.3942E-4	9.84868E-4
1634.755	4.11727E-4	0.00149
1636.261	3.36144E-4	0.00128
1637.767	2.16575E-4	9.47955E-4
1639.273	3.84203E-4	0.00136
1640.779	4.54511E-4	0.00124
1642.285	3.68691E-4	0.00101
1643.791	4.86873E-4	9.97875E-4
1645.297	3.3073E-4	9.44288E-4
1646.803	4.4892E-4	0.00112
1648.309	3.03772E-4	0.00113
1649.815	2.22036E-4	0.00135
1651.321	1.11555E-4	8.3987E-4
1652.827	3.14528E-4	0.00126
1654.333	3.76102E-4	0.00139
1655.839	8.3434E-4	0.0012
1657.345	2.28752E-4	0.00131
1658.851	3.31843E-4	0.00133
1660.357	4.49165E-4	0.00139
1661.863	4.13156E-4	0.00116
1663.369	1.89469E-4	0.00122
1664.875	3.16717E-4	9.56092E-4
1666.381	2.52356E-4	9.23672E-4
1667.887	3.07418E-4	9.24585E-4
1669.393	2.6499E-4	0.00108
1670.899	3.71359E-4	8.90054E-4
1672.405	6.92095E-4	0.00122
1673.911	6.71664E-4	9.7217E-4
1675.417	5.06402E-4	0.0011
1676.923	4.86124E-4	0.00109
1678.429	4.08122E-4	0.0013
1679.935	4.78067E-4	8.71326E-4
1681.441	2.70636E-4	8.24214E-4
1682.947	3.09933E-4	0.00118
1684.453	5.30432E-4	9.886E-4
1685.959	4.44134E-4	0.00112
1687.465	4.12966E-4	0.00123
1688.971	4.04265E-4	8.26748E-4
1690.477	4.17035E-4	0.00103
1691.983	5.35907E-4	9.19825E-4
1693.489	8.71269E-4	0.00102
1694.995	4.53312E-4	0.00114
1696.501	5.6833E-4	9.74839E-4
1698.007	3.08788E-4	0.00124
1699.513	3.81778E-4	0.00102
1701.019	4.3566E-4	0.00133
1702.525	5.70309E-4	0.0012
1704.031	7.94256E-4	0.00112
1705.537	4.8341E-4	0.00103
1707.043	3.43453E-4	0.00111
1708.549	2.94409E-4	8.64675E-4
1710.055	3.48563E-4	8.89318E-4
1711.561	4.69117E-4	8.16809E-4
1713.067	3.0144E-4	0.00117
1714.573	7.79539E-4	0.00106
1716.08	1.88943E-4	0.00111
1717.586	3.77695E-4	7.97721E-4
1719.092	4.95186E-4	9.94303E-4
1720.598	5.24846E-4	0.00104
1722.104	6.21457E-4	8.86009E-4
1723.61	1.14823E-4	0.00105
1725.116	1.99612E-4	7.17819E-4
1726.622	2.9607E-4	0.00123
1728.128	3.92249E-4	0.00114
1729.634	4.46682E-4	9.84253E-4
1731.14	6.56641E-4	0.00106
1732.646	8.10304E-5	0.00135
1734.152	5.74475E-4	8.97796E-4
1735.658	3.50985E-4	0.00101
1737.164	1.68568E-4	9.76709E-4
1738.67	1.71189E-4	9.35378E-4
1740.176	5.38335E-4	0.00112
1741.682	4.26712E-4	0.00115
1743.188	8.94315E-4	0.00113
1744.694	4.45551E-4	0.00136
1746.2	4.948E-4	0.00128
1747.706	6.35489E-4	0.00128
1749.212	7.53593E-4	0.0012
1750.718	3.3911E-4	0.00107
1752.224	2.98231E-4	0.00136
1753.73	3.60817E-4	0.00112
1755.236	6.4776E-4	0.00129
1756.742	2.70936E-4	0.00102
1758.248	3.11951E-4	9.80034E-4
1759.754	4.48338E-4	9.86841E-4
1761.26	2.27289E-4	7.94246E-4
1762.766	4.19756E-4	0.00103
1764.272	4.14662E-4	0.00113
1765.778	2.31249E-4	6.2048E-4
1767.284	3.8596E-4	0.00116
1768.79	4.10353E-4	0.00146
1770.296	2.27513E-4	8.74081E-4
1771.802	5.92658E-4	5.97286E-4
1773.308	5.21269E-4	0.00131
1774.814	5.235E-4	0.00114
1776.32	3.76425E-4	0.00115
1777.826	3.79301E-4	9.95981E-4
1779.332	4.02583E-4	0.00118
1780.838	6.00608E-4	0.0011
1782.344	3.90496E-4	0.00107
1783.85	4.50591E-4	0.00111
1785.356	3.38459E-4	0.00113
1786.862	6.09341E-4	8.65461E-4
1788.368	3.78876E-4	8.39934E-4
1789.874	4.59313E-4	0.00106
1791.38	5.08387E-4	0.00126
1792.886	4.76488E-4	0.00148
1794.392	3.42479E-4	0.00155
1795.898	1.93299E-4	8.80985E-4
1797.404	4.60071E-4	8.81074E-4
1798.91	4.53208E-4	9.68581E-4
1800.416	6.42088E-4	9.94303E-4
1801.922	4.79821E-4	0.00144
1803.428	4.19835E-4	0.00109
1804.934	4.76673E-4	0.00123
1806.44	4.07455E-4	0.00129
1807.946	4.95152E-4	9.84941E-4
1809.452	1.85634E-4	8.63368E-4
1810.958	5.32809E-4	9.58122E-4
1812.464	5.09825E-4	0.00124
1813.97	3.40154E-4	0.00103
1815.476	4.14997E-4	0.00107
1816.982	2.31365E-4	0.00113
1818.488	4.54072E-4	8.1008E-4
1819.994	4.1921E-4	7.57431E-4
1821.5	2.68068E-4	0.00101
1823.006	1.97148E-4	0.00146
1824.512	4.75816E-4	0.00128
1826.018	3.88294E-4	7.13085E-4
1827.524	3.53761E-4	7.72491E-4
1829.03	3.37669E-4	9.93863E-4
1830.536	3.10377E-4	0.0012
1832.042	4.94175E-4	7.47049E-4
1833.548	5.22499E-4	0.00108
1835.054	1.92195E-4	9.94163E-4
1836.56	2.605E-4	7.15563E-4
1838.066	4.18878E-4	0.00122
1839.572	4.85937E-4	9.79677E-4
1841.078	3.83678E-4	9.6349E-4
1842.584	4.70236E-4	0.00125
1844.09	1.97394E-4	0.00129
1845.596	3.35013E-4	8.99252E-4
1847.102	2.31273E-4	0.00133
1848.608	2.38797E-4	0.0012
1850.114	2.98512E-4	0.00109
1851.62	4.14977E-4	9.90018E-4
1853.126	3.80937E-4	9.14337E-4
1854.632	4.14729E-4	9.70957E-4
1856.138	3.4788E-4	9.67435E-4
1857.644	2.31642E-4	0.00163
1859.15	2.68323E-4	0.00108
1860.656	2.61029E-4	7.02863E-4
1862.162	2.26235E-4	0.00101
1863.668	7.67319E-5	0.00105
1865.174	2.29673E-4	0.00121
1866.68	4.01127E-4	6.14752E-4
1868.186	2.25029E-4	8.27156E-4
1869.692	1.53642E-4	0.00117
1871.198	1.1399E-4	9.30224E-4
1872.704	3.88664E-4	0.00111
1874.21	3.02854E-4	9.50782E-4
1875.716	4.01021E-4	8.12158E-4
1877.222	4.29113E-4	0.0013
1878.728	3.1718E-4	0.00107
1880.234	3.32486E-4	9.3784E-4
1881.741	5.71804E-4	0.00121
1883.247	6.16245E-4	0.00116
1884.753	3.03678E-4	7.73489E-4
1886.259	3.91468E-5	8.91464E-4
1887.765	3.03895E-4	7.00162E-4
1889.271	2.31019E-4	0.00128
1890.777	4.44455E-4	0.00117
1892.283	3.35613E-4	8.94957E-4
1893.789	4.81253E-4	8.88114E-4
1895.295	1.43377E-4	9.53409E-4
1896.801	2.59998E-4	0.00119
1898.307	5.67173E-4	6.9665E-4
1899.813	3.42188E-4	8.39998E-4
1901.319	2.62319E-4	8.67563E-4
1902.825	4.15389E-4	9.18276E-4
1904.331	3.05184E-4	6.32673E-4
1905.837	3.89648E-4	0.00109
1907.343	4.56705E-4	7.43729E-4
1908.849	1.51991E-4	0.00106
1910.355	1.49267E-4	0.00132
1911.861	3.42269E-4	0.00104
1913.367	4.21562E-4	9.42021E-4
1914.873	4.87292E-4	0.00129
1916.379	3.90964E-4	0.00108
1917.885	0.00122	7.80145E-4
1919.391	5.29753E-4	0.00143
1920.897	1.99241E-4	0.00124
1922.403	3.58028E-4	0.0013
1923.909	7.72921E-5	0.001
1925.415	3.51119E-4	0.00122
1926.921	3.81832E-4	0.00105
1928.427	5.51705E-4	7.70997E-4
1929.933	2.72857E-4	5.11426E-4
1931.439	2.2981E-4	8.53759E-4
1932.945	4.33127E-4	9.68673E-4
1934.451	5.13671E-4	7.57552E-4
1935.957	3.53984E-4	0.00109
1937.463	5.3496E-4	0.00128
1938.969	3.15342E-4	0.00121
1940.475	4.2169E-4	9.57011E-4
1941.981	2.64173E-4	9.42449E-4
1943.487	1.90074E-4	8.03114E-4
1944.993	3.08803E-4	0.00109
1946.499	1.90084E-4	0.00117
1948.005	3.09686E-4	6.63388E-4
1949.511	3.81554E-4	0.00161
1951.017	7.7623E-5	0.00103
1952.523	2.93732E-4	0.00126
1954.029	2.79575E-4	8.04439E-4
1955.535	4.76659E-4	0.00109
1957.041	3.83E-4	0.00114
1958.547	3.46016E-4	6.42126E-4
1960.053	3.41454E-4	8.61198E-4
1961.559	5.4543E-4	6.98751E-4
1963.065	2.95766E-4	0.00124
1964.571	5.15391E-4	8.26259E-4
1966.077	5.24042E-4	9.18343E-4
1967.583	1.49321E-4	0.00142
1969.089	1.14092E-4	9.70097E-4
1970.595	2.3103E-4	7.37984E-4
1972.101	1.9456E-4	9.22713E-4
1973.607	2.72011E-4	7.91433E-4
1975.113	7.89461E-5	0.00114
1976.619	5.16079E-4	0.00154
1978.125	4.21031E-4	0.00125
1979.631	3.49652E-4	9.39725E-4
1981.137	3.13646E-4	9.44859E-4
1982.643	4.28321E-4	0.00103
1984.149	2.61485E-4	0.00107
1985.655	1.49809E-4	9.90018E-4
1987.161	4.33376E-4	0.00127
1988.667	2.95283E-4	0.00104
1990.173	4.39235E-4	8.60109E-4
1991.679	3.54449E-4	0.00111
1993.185	4.75668E-4	9.76125E-4
1994.691	1.48624E-4	7.0444E-4
1996.197	2.6376E-4	8.8195E-4
1997.703	3.62273E-4	9.29197E-4
1999.209	4.55285E-4	0.00103
2000.715	3.78276E-4	0.00109
2002.221	2.23829E-4	9.84575E-4
2003.727	3.70101E-4	0.00102
2005.233	1.943E-4	0.00107
2006.739	4.60124E-4	9.55975E-4
2008.245	2.98878E-4	6.79337E-4
2009.751	3.76093E-4	0.0011
2011.257	2.65381E-4	8.72984E-4
2012.763	4.67733E-4	8.73382E-4
2014.269	1.13965E-4	0.00109
2015.775	1.8822E-4	0.00102
2017.281	3.38103E-4	0.00121
2018.787	1.87818E-4	6.08978E-4
2020.293	3.74797E-4	7.53025E-4
2021.799	1.48732E-4	0.00118
2023.305	5.46139E-4	7.4665E-4
2024.811	1.49205E-4	0.00109
2026.317	4.46956E-4	0.0013
2027.823	3.77959E-4	7.8553E-4
2029.329	2.73986E-4	8.61629E-4
2030.835	4.20197E-4	0.00102
2032.341	4.96384E-4	0.00115
2033.847	2.19966E-4	0.00108
2035.353	3.37267E-4	7.56948E-4
2036.859	2.29132E-4	8.60764E-4
2038.365	2.18974E-4	0.00119
2039.871	3.45538E-4	0.0013
2041.377	3.39731E-4	5.87323E-4
2042.883	3.35394E-4	0.00106
2044.389	4.20363E-4	7.99302E-4
2045.896	2.35253E-4	8.34318E-4
2047.402	4.84381E-4	6.84617E-4
2048.908	5.01671E-4	9.72823E-4
2050.414	2.57608E-4	0.00135
2051.92	4.47017E-4	0.00137
2053.426	2.46085E-4	0.00102
2054.932	3.81874E-4	0.00114
2056.438	3.16796E-4	7.41472E-4
2057.944	4.05414E-4	0.00115
2059.45	1.2367E-4	0.00133
2060.956	4.40029E-4	0.00131
2062.462	2.24217E-4	0.00156
2063.968	3.82397E-4	9.9737E-4
2065.474	5.40486E-4	9.11735E-4
2066.98	1.14441E-4	9.71082E-4
2068.486	5.47242E-4	9.45182E-4
2069.992	4.28991E-4	8.92236E-4
2071.498	5.92986E-4	0.00116
2073.004	3.11034E-4	0.00101
2074.51	2.35235E-4	0.00109
2076.016	4.53468E-4	7.68905E-4
2077.522	1.92494E-4	8.79058E-4
2079.028	3.49846E-4	9.09495E-4
2080.534	3.50157E-4	9.87129E-4
2082.04	1.19871E-4	9.54691E-4
2083.546	2.35795E-4	0.0011
2085.052	3.41108E-4	0.00119
2086.558	3.46966E-4	0.00117
2088.064	3.9359E-4	0.00121
2089.57	3.11806E-4	8.41706E-4
2091.076	3.50073E-4	9.62311E-4
2092.582	2.70949E-4	0.00128
2094.088	4.5911E-4	9.23009E-4
2095.594	3.04542E-4	0.00114
2097.1	2.66031E-4	0.00107
2098.606	4.2106E-4	5.51226E-4
2100.112	1.92357E-4	0.00131
2101.618	5.80597E-4	0.0012
2103.124	4.96738E-4	9.84253E-4
2104.63	2.95787E-4	8.49922E-4
2106.136	3.12819E-4	0.00102
2107.642	3.4567E-4	9.12499E-4
2109.148	1.15457E-4	8.89276E-4
2110.654	2.78405E-4	8.68017E-4
2112.16	5.11572E-4	0.00113
2113.666	2.3659E-4	6.5463E-4
2115.172	4.53145E-4	0.00141
2116.678	1.9434E-4	0.00131
2118.184	1.91759E-4	0.00124
2119.69	2.6726E-4	8.16358E-4
2121.196	3.41502E-4	9.10192E-4
2122.702	4.94868E-4	0.00122
2124.208	3.02897E-4	0.00147
2125.714	3.8167E-4	0.00105
2127.22	3.79886E-4	0.00117
2128.726	4.17829E-4	0.00103
2130.232	3.49174E-4	0.00124
2131.738	4.27784E-4	9.04902E-4
2133.244	5.08112E-4	0.00105
2134.75	5.00659E-4	8.10786E-4
2136.256	3.45456E-4	0.00111
2137.762	2.72938E-4	0.00167
2139.268	3.73674E-4	0.00112
2140.774	1.18731E-4	0.00112
2142.28	3.34523E-4	0.00105
2143.786	4.10625E-4	8.25172E-4
2145.292	3.10981E-4	0.00145
2146.798	2.67715E-4	8.1197E-4
2148.304	7.28159E-4	9.75771E-4
2149.81	3.85914E-4	0.00122
2151.316	3.43681E-4	9.6911E-4
2152.822	4.59878E-4	7.45137E-4
2154.328	3.05038E-4	0.00116
2155.834	3.74936E-4	7.00406E-4
2157.34	1.50535E-4	0.00101
2158.846	3.82766E-4	9.78069E-4
2160.352	3.76119E-4	0.00158
2161.858	3.38467E-4	0.00121
2163.364	2.68893E-4	0.00125
2164.87	2.23513E-4	9.91419E-4
2166.376	4.96452E-4	0.00102
2167.882	3.11366E-4	9.71359E-4
2169.388	3.55268E-4	0.00103
2170.894	3.80393E-4	0.00103
2172.4	3.8607E-4	8.00155E-4
2173.906	2.65413E-4	8.28891E-4
2175.412	5.03989E-4	7.3885E-4
2176.918	2.21741E-4	0.00113
2178.424	3.75614E-4	0.00125
2179.93	3.06468E-4	9.35871E-4
2181.436	1.47852E-4	6.69843E-4
2182.942	2.58635E-4	0.00111
2184.448	2.70949E-4	9.58337E-4
2185.954	3.05689E-4	0.00113
2187.46	3.08237E-4	8.38884E-4
2188.966	1.5448E-4	0.00106
2190.472	1.5687E-4	0.00123
2191.978	1.20444E-4	0.00111
2193.484	2.48012E-4	0.00126
2194.99	2.34761E-4	9.50287E-4
2196.496	2.30221E-4	0.00102
2198.002	3.9972E-4	8.52889E-4
2199.508	4.10368E-4	9.39943E-4
2201.014	4.02702E-4	0.00125
2202.52	2.39231E-4	9.9758E-4
2204.026	1.96372E-4	0.00145
2205.532	3.48873E-4	0.00118
2207.038	3.70441E-4	0.00108
2208.544	4.30092E-4	8.17176E-4
2210.05	3.1301E-4	8.61562E-4
2211.557	2.42685E-4	7.94434E-4
2213.063	3.89723E-4	0.00123
2214.569	5.51367E-4	0.00113
2216.075	3.03106E-4	7.63037E-4
2217.581	2.31608E-4	9.04194E-4
2219.087	1.58542E-4	0.00108
2220.593	2.91534E-4	0.001
2222.099	2.33424E-4	9.58408E-4
2223.605	3.80652E-4	7.04934E-4
2225.111	3.7923E-4	0.0011
2226.617	4.92367E-4	0.00109
2228.123	2.89365E-4	8.11846E-4
2229.629	2.61254E-4	7.59667E-4
2231.135	3.32901E-4	7.63072E-4
2232.641	1.88163E-4	7.29743E-4
2234.147	2.25902E-4	7.5218E-4
2235.653	3.01197E-4	6.83347E-4
2237.159	4.02157E-4	9.79891E-4
2238.665	3.86903E-4	9.2072E-4
2240.171	5.61853E-4	0.00106
2241.677	3.8728E-4	0.00104
2243.183	3.93272E-4	0.00112
2244.689	6.44342E-4	7.09065E-4
2246.195	3.44685E-4	8.81222E-4
2247.701	2.59645E-4	0.00103
2249.207	3.24247E-4	9.17762E-4
2250.713	1.42865E-4	0.0012
2252.219	3.62927E-4	0.00133
2253.725	3.58447E-4	9.68637E-4
2255.231	1.4153E-4	5.22089E-4
2256.737	1.90998E-4	0.00102
2258.243	4.78109E-4	0.00132
2259.749	4.02166E-4	0.00111
2261.255	2.93869E-4	0.00116
2262.761	2.26563E-4	0.00107
2264.267	3.01754E-4	0.00108
2265.773	4.0148E-4	9.97229E-4
2267.279	4.48083E-4	7.73187E-4
2268.785	4.0789E-4	0.0011
2270.291	2.30915E-4	0.0014
2271.797	3.46519E-4	7.98407E-4
2273.303	3.07509E-4	7.01317E-4
2274.809	2.70404E-4	9.73758E-4
2276.315	2.67221E-4	0.00104
2277.821	7.9546E-5	9.83713E-4
2279.327	2.96438E-4	9.82963E-4
2280.833	3.93666E-4	0.00102
2282.339	5.38864E-4	0.00103
2283.845	2.26112E-4	9.90307E-4
2285.351	5.55459E-4	9.71667E-4
2286.857	1.93086E-4	0.00101
2288.363	4.06808E-4	7.90614E-4
2289.869	3.39428E-4	0.00103
2291.375	4.39125E-4	0.00118
2292.881	3.09551E-4	0.00126
2294.387	5.0492E-4	9.64822E-4
2295.893	3.31613E-4	9.59054E-4
2297.399	2.72326E-4	0.0012
2298.905	5.32462E-4	8.58905E-4
2300.411	4.49012E-4	0.00108
2301.917	3.46734E-4	0.00111
2303.423	1.57064E-4	0.00119
2304.929	4.14884E-4	0.0016
2306.435	2.54378E-4	9.01573E-4
2307.941	5.10318E-4	9.00784E-4
2309.447	4.58228E-4	9.45939E-4
2310.953	3.37566E-4	7.26475E-4
2312.459	3.38626E-4	8.58084E-4
2313.965	1.84946E-4	9.94813E-4
2315.471	4.68229E-4	0.00105
2316.977	2.64753E-4	0.00114
2318.483	3.82496E-4	9.47391E-4
2319.989	2.22667E-4	7.76699E-4
2321.495	3.39365E-4	7.80515E-4
2323.001	3.59118E-4	7.53882E-4
2324.507	5.05168E-4	6.48715E-4
2326.013	1.90921E-4	6.05679E-4
2327.519	3.01225E-4	0.00115
2329.025	2.70982E-4	0.00108
2330.531	2.60004E-4	8.6037E-4
2332.037	3.74858E-4	0.00106
2333.543	5.02933E-4	0.0011
2335.049	3.42771E-4	0.00126
2336.555	6.02525E-4	0.0011
2338.061	3.34686E-4	6.8867E-4
2339.567	4.17538E-4	9.7861E-4
2341.073	4.13261E-4	0.00139
2342.579	4.19444E-4	0.00101
2344.085	1.9428E-4	0.00109
2345.591	2.56558E-4	9.87142E-4
2347.097	3.05389E-4	0.001
2348.603	4.60831E-4	0.00116
2350.109	3.86885E-4	0.00107
2351.615	2.01165E-4	0.0013
2353.121	1.50456E-4	8.52644E-4
2354.627	4.52844E-4	7.83342E-4
2356.133	5.40849E-4	0.00105
2357.639	4.89946E-4	0.00131
2359.145	2.27221E-4	9.5519E-4
2360.651	4.92728E-4	9.43598E-4
2362.157	5.4859E-4	7.83737E-4
2363.663	3.75718E-4	0.00102
2365.169	3.84112E-4	9.41807E-4
2366.675	3.74503E-4	0.0012
2368.181	3.76669E-4	6.55289E-4
2369.687	6.2518E-4	0.00101
2371.193	3.71342E-4	7.56368E-4
2372.699	3.74555E-4	9.9253E-4
2374.205	3.70118E-4	9.55904E-4
2375.712	3.14422E-4	8.86237E-4
2377.218	3.40923E-4	0.00106
2378.724	1.95152E-4	7.65431E-4
2380.23	6.07823E-4	7.97794E-4
2381.736	2.00757E-4	0.00101
2383.242	4.41151E-4	8.49788E-4
2384.748	2.33026E-4	0.00111
2386.254	1.80608E-4	0.0011
2387.76	3.62176E-4	7.05426E-4
2389.266	3.27445E-4	9.29165E-4
2390.772	3.4256E-4	4.90921E-4
2392.278	3.26217E-4	9.23136E-4
2393.784	2.22959E-4	8.8992E-4
2395.29	1.50212E-4	9.30362E-4
2396.796	3.38079E-4	0.0014
2398.302	3.97008E-4	7.1558E-4
2399.808	4.25467E-4	0.00101
2401.314	1.8676E-4	0.00103
2402.82	3.92221E-4	0.00133
2404.326	3.40475E-4	9.70904E-4
2405.832	3.11162E-4	0.00106
2407.338	2.95379E-4	6.72106E-4
2408.844	2.64351E-4	8.96597E-4
2410.35	4.64623E-4	7.15731E-4
2411.856	2.66185E-4	0.00114
2413.362	3.79505E-4	0.00105
2414.868	4.66546E-4	0.00112
2416.374	3.07361E-4	5.36664E-4
2417.88	1.17012E-4	0.00125
2419.386	3.86995E-4	0.00113
2420.892	2.73661E-4	9.52108E-4
2422.398	3.45333E-4	9.29293E-4
2423.904	3.36646E-4	7.83706E-4
2425.41	3.76853E-4	0.00147
2426.916	2.27631E-4	9.36624E-4
2428.422	2.25907E-4	6.39405E-4
2429.928	2.6936E-4	8.33995E-4
2431.434	1.16668E-4	9.91345E-4
2432.94	7.98724E-5	8.66917E-4
2434.446	3.81769E-4	0.00103
2435.952	1.17644E-4	9.43436E-4
2437.458	2.75391E-4	8.36354E-4
2438.964	3.53752E-4	5.64959E-4
2440.47	4.61679E-4	0.0011
2441.976	3.07465E-4	0.0012
2443.482	5.23817E-4	8.46202E-4
2444.988	5.03379E-4	8.6974E-4
2446.494	2.99153E-4	0.00121
2448	4.5246E-4	7.27276E-4
2449.506	1.14319E-4	8.65789E-4
2451.012	2.96299E-4	0.00113
2452.518	3.39979E-4	0.00107
2454.024	1.52634E-4	8.91997E-4
2455.53	2.71049E-4	9.90163E-4
2457.036	4.85059E-4	0.00119
2458.542	2.98386E-4	0.00112
2460.048	2.24212E-4	7.77564E-4
2461.554	2.69024E-4	0.00102
2463.06	1.19861E-4	0.00113
2464.566	1.87733E-4	9.82114E-4
2466.072	3.06063E-4	0.00116
2467.578	2.60761E-4	8.4315E-4
2469.084	4.15639E-4	9.23204E-4
2470.59	4.20336E-5	0.00123
2472.096	1.95238E-4	7.01393E-4
2473.602	3.6513E-4	0.0011
2475.108	4.22609E-4	8.87981E-4
2476.614	2.6106E-4	8.9779E-4
2478.12	3.63107E-4	0.00103
2479.626	3.0404E-4	8.44635E-4
2481.132	3.48238E-4	8.23249E-4
2482.638	2.19944E-4	8.89618E-4
2484.144	3.88184E-4	9.69954E-4
2485.65	4.25718E-4	0.00125
2487.156	2.63766E-4	7.80318E-4
2488.662	1.53878E-4	7.37156E-4
2490.168	3.10392E-4	5.85373E-4
2491.674	3.73329E-4	8.873E-4
2493.18	3.42277E-4	7.62302E-4
2494.686	2.31775E-4	7.33216E-4
2496.192	3.27191E-4	0.001
2497.698	2.21157E-4	5.58169E-4
2499.204	3.10581E-4	7.91811E-4
2500.71	4.96064E-4	7.05327E-4
2502.216	1.9216E-4	7.09734E-4
2503.722	1.50283E-4	8.89344E-4
2505.228	4.55223E-4	8.97593E-4
2506.734	3.18468E-4	9.26738E-4
2508.24	2.32356E-4	0.0011
2509.746	4.27359E-4	5.69069E-4
2511.252	2.99019E-4	8.8175E-4
2512.758	1.90683E-4	0.00109
2514.264	3.08766E-4	7.76148E-4
2515.77	3.88618E-4	9.8133E-4
2517.276	1.95778E-4	8.0392E-4
2518.782	2.95489E-4	5.94647E-4
2520.288	5.64832E-4	0.00115
2521.794	1.98368E-4	9.5725E-4
2523.3	2.99555E-4	0.0012
2524.806	7.59469E-5	9.68155E-4
2526.312	3.31759E-4	6.12095E-4
2527.818	2.58041E-4	9.81479E-4
2529.324	1.9194E-4	9.5587E-4
2530.83	7.82191E-5	0.00106
2532.336	2.56855E-4	8.78395E-4
2533.842	2.74694E-4	0.00103
2535.348	2.59732E-4	8.1768E-4
2536.854	3.03758E-4	0.00103
2538.36	1.56567E-4	9.39814E-4
2539.866	3.88452E-4	0.00103
2541.373	2.37487E-4	0.00123
2542.879	2.80711E-4	9.99497E-4
2544.385	2.53932E-4	9.06358E-4
2545.891	2.58513E-4	0.0011
2547.397	3.07428E-4	7.79595E-4
2548.903	4.46217E-4	8.78198E-4
2550.409	3.88137E-4	0.00138
2551.915	4.04337E-4	0.00135
2553.421	1.18508E-4	0.00134
2554.927	4.00657E-4	8.38717E-4
2556.433	3.69771E-4	0.00112
2557.939	3.96643E-4	0.00111
2559.445	3.09828E-4	9.43247E-4
2560.951	3.74858E-4	0.00143
2562.457	1.16368E-4	0.00137
2563.963	3.43901E-4	8.54806E-4
2565.469	1.9433E-4	0.00111
2566.975	1.90514E-4	8.90369E-4
2568.481	2.64511E-4	8.99463E-4
2569.987	2.9467E-4	8.33569E-4
2571.493	2.31198E-4	0.00117
2572.999	2.67696E-4	0.00124
2574.505	1.49388E-4	0.00108
2576.011	3.59521E-4	0.0013
2577.517	2.89597E-4	0.00102
2579.023	3.88334E-5	8.14412E-4
2580.529	4.18888E-4	4.82816E-4
2582.035	1.92889E-4	0.00108
2583.541	5.74383E-4	9.02217E-4
2585.047	3.01204E-4	8.27927E-4
2586.553	3.8728E-4	0.00108
2588.059	1.9389E-4	0.00122
2589.565	1.93801E-4	0.00124
2591.071	3.14661E-4	0.0011
2592.577	3.86949E-4	9.15466E-4
2594.083	4.366E-4	0.00118
2595.589	2.44712E-4	8.80092E-4
2597.095	3.07161E-4	7.76747E-4
2598.601	1.90055E-4	5.13895E-4
2600.107	2.35896E-4	0.00112
2601.613	2.31394E-4	0.00105
2603.119	1.90916E-4	9.10671E-4
2604.625	3.43144E-4	8.29599E-4
2606.131	4.52419E-4	5.66093E-4
2607.637	3.18523E-4	9.74308E-4
2609.143	1.96933E-4	8.74105E-4
2610.649	2.31538E-4	9.2604E-4
2612.155	1.84923E-4	0.00127
2613.661	3.37629E-4	0.00121
2615.167	2.55155E-4	8.00843E-4
2616.673	2.98533E-4	9.42641E-4
2618.179	4.09885E-4	9.60795E-4
2619.685	2.29263E-4	9.46054E-4
2621.191	3.85896E-4	7.62714E-4
2622.697	5.05131E-4	8.9861E-4
2624.203	1.91295E-4	0.00158
2625.709	1.46643E-4	0.00124
2627.215	1.95941E-4	0.00111
2628.721	2.97895E-4	9.05914E-4
2630.227	1.50397E-4	0.00107
2631.733	2.59503E-4	0.00113
2633.239	4.85948E-4	7.34888E-4
2634.745	4.79585E-4	0.00106
2636.251	2.62621E-4	0.00119
2637.757	2.26029E-4	9.58265E-4
2639.263	3.05997E-4	0.0012
2640.769	3.48739E-4	7.89232E-4
2642.275	8.22091E-5	0.0013
2643.781	2.98056E-4	9.83607E-4
2645.287	4.23428E-5	7.08365E-4
2646.793	3.29035E-4	0.00134
2648.299	2.27799E-4	0.00101
2649.805	3.06652E-4	0.00106
2651.311	3.1675E-4	0.00126
2652.817	1.88173E-4	0.00129
2654.323	3.79195E-4	0.00143
2655.829	3.02249E-4	0.00103
2657.335	3.70296E-4	8.64217E-4
2658.841	1.12833E-4	9.58465E-4
2660.347	2.25918E-4	9.96511E-4
2661.853	7.52101E-5	0.00104
2663.359	1.81559E-4	0.00134
2664.865	2.68519E-4	0.00107
2666.371	4.48195E-4	0.00102
2667.877	1.50543E-4	8.24621E-4
2669.383	4.84195E-4	9.55492E-4
2670.889	3.51679E-4	0.00114
2672.395	3.39835E-4	0.00143
2673.901	1.88372E-4	9.36563E-4
2675.407	3.38364E-4	8.21604E-4
2676.913	1.13069E-4	7.18707E-4
2678.419	2.25068E-4	6.7386E-4
2679.925	1.9131E-4	0.00112
2681.431	4.79542E-4	9.89794E-4
2682.937	2.69386E-4	0.00118
2684.443	1.51612E-4	9.81247E-4
2685.949	1.1429E-4	0.00106
2687.455	1.50432E-4	8.78924E-4
2688.961	1.83669E-4	7.79113E-4
2690.467	2.65548E-4	8.67431E-4
2691.973	3.05638E-4	8.88389E-4
2693.479	3.44333E-4	0.00104
2694.985	3.91582E-4	0.001
2696.491	1.10213E-4	8.18227E-4
2697.997	1.45901E-4	0.00138
2699.503	2.54152E-4	7.74737E-4
2701.009	6.31342E-4	0.00105
2702.515	2.53309E-4	9.9953E-4
2704.021	5.10646E-4	8.92373E-4
2705.528	1.533E-4	9.85042E-4
2707.034	3.52802E-4	9.9601E-4
2708.54	2.7002E-4	8.75312E-4
2710.046	0	9.87821E-4
2711.552	2.93016E-4	0.00122
2713.058	2.29547E-4	0.00115
2714.564	1.22248E-4	0.00114
2716.07	3.6298E-4	0.00149
2717.576	2.76656E-4	0.00109
2719.082	4.24228E-4	0.00101
2720.588	2.32408E-4	0.0011
2722.094	2.71049E-4	8.37903E-4
2723.6	3.15226E-4	0.00122
2725.106	4.57772E-4	6.96139E-4
2726.612	2.73492E-4	7.48118E-4
2728.118	1.60799E-4	9.18753E-4
2729.624	2.27126E-4	8.53365E-4
2731.13	2.32431E-4	0.00127
2732.636	2.23241E-4	0.00147
2734.142	3.82874E-4	0.00122
2735.648	3.71905E-4	7.15143E-4
2737.154	2.29753E-4	0.00109
2738.66	5.22406E-4	9.65959E-4
2740.166	2.29013E-4	0.00106
2741.672	1.11428E-4	0.00108
2743.178	3.36646E-4	0.00117
2744.684	5.79687E-4	9.87057E-4
2746.19	3.72179E-4	0.00111
2747.696	2.28849E-4	0.00106
2749.202	4.3657E-4	0.00108
2750.708	3.56074E-4	0.0012
2752.214	3.4521E-4	8.96796E-4
2753.72	2.28747E-4	0.00122
2755.226	1.84129E-4	0.00103
2756.732	4.04712E-4	0.00116
2758.238	3.32034E-4	0.00104
2759.744	2.23356E-4	5.69689E-4
2761.25	3.50241E-4	7.49848E-4
2762.756	1.8391E-4	7.67465E-4
2764.262	4.16611E-4	9.49226E-4
2765.768	1.92239E-4	7.19735E-4
2767.274	5.20965E-4	0.00105
2768.78	5.61235E-4	0.00107
2770.286	6.48743E-4	0.00105
2771.792	3.08997E-4	0.00165
2773.298	8.45852E-4	0.0015
2774.804	7.86111E-4	0.00154
2776.31	7.23409E-4	0.00201
2777.816	8.51978E-4	0.00216
2779.322	5.35071E-4	0.00224
2780.828	9.00988E-4	0.00206
2782.334	3.43909E-4	0.00246
2783.84	6.94726E-4	0.00185
2785.346	9.0707E-4	0.0025
2786.852	6.80379E-4	0.00153
2788.358	7.66024E-4	0.00132
2789.864	2.33595E-4	0.00104
2791.37	2.23911E-4	9.11223E-4
2792.876	6.75316E-4	7.71702E-4
2794.382	2.58169E-4	4.3815E-4
2795.888	4.06003E-4	3.02478E-4
2797.394	2.46701E-4	5.57099E-4
2798.9	4.22075E-4	3.07896E-4
2800.406	2.63526E-4	1.72969E-4
2801.912	0.00296	4.93618E-4
2803.418	1.36563E-4	2.97556E-4
2804.924	1.27501E-4	1.41822E-4
2806.43	9.31888E-4	4.96762E-4
2807.936	3.0686E-4	2.7373E-4
2809.442	3.52371E-4	1.07271E-4
2810.948	2.07718E-4	2.89735E-4
2812.454	3.78827E-4	2.42237E-4
2813.96	1.25818E-4	8.8206E-5
2815.466	1.28488E-4	5.0449E-5
2816.972	8.65825E-5	3.19024E-4
2818.478	1.90386E-4	2.85521E-4
2819.984	1.44976E-4	2.0768E-4
2821.49	1.93012E-4	2.44708E-4
2822.996	2.05042E-4	2.66296E-4
2824.502	1.48367E-4	6.22962E-5
2826.008	2.58314E-4	5.78819E-4
2827.514	7.91427E-5	1.04834E-4
2829.02	5.58033E-5	2.28978E-4
2830.526	1.5014E-4	2.16617E-4
2832.032	1.09362E-4	9.83602E-5
2833.538	6.9526E-5	1.99497E-4
2835.044	1.20511E-4	2.403E-4
2836.55	1.63598E-5	2.83453E-4
2838.056	2.16312E-4	3.51478E-4
2839.562	2.17614E-4	0
2841.068	5.86786E-5	3.88262E-4
2842.574	3.34405E-4	8.21862E-4
2844.08	1.81671E-4	1.89595E-4
2845.586	6.46075E-5	2.29466E-4
2847.092	3.11428E-4	6.25294E-4
2848.598	1.19786E-4	3.22115E-4
2850.104	4.83884E-6	4.44773E-5
2851.61	2.03561E-4	1.21092E-4
2853.116	5.13273E-5	1.50047E-4
2854.622	1.48856E-4	2.7772E-4