Time	Ir	Co
					
s	ng cm-2 s-1	ng cm-2 s-1
-52	0.00223	0.02672
-50.494	0.00172	0.02693
-48.988	0.0014	0.01566
-47.482	0.00103	0.01164
-45.976	4.17435E-4	0.0045
-44.47	1.75833E-4	0.00389
-42.964	3.05833E-4	0.00186
-41.458	3.43152E-4	0.00154
-39.952	1.734E-4	5.90556E-4
-38.446	3.23915E-4	9.78069E-4
-36.94	1.65549E-4	6.16903E-4
-35.434	0	4.27199E-4
-33.928	1.036E-4	1.90556E-4
-32.422	2.0282E-4	2.98809E-4
-30.916	1.04412E-4	8.20948E-4
-29.41	1.53503E-4	2.70915E-4
-27.904	4.58042E-4	3.83724E-4
-26.398	1.56471E-4	3.8826E-4
-24.892	1.43762E-4	3.78377E-4
-23.386	2.80865E-4	4.44333E-4
-21.88	1.3008E-4	3.25234E-4
-20.374	6.57538E-5	4.80639E-4
-18.868	3.66962E-4	0.00104
-17.362	1.68317E-4	3.94997E-4
-15.856	2.3991E-4	2.76297E-4
-14.35	2.18401E-4	0
-12.844	1.74814E-4	7.58607E-4
-11.338	1.68358E-4	2.18293E-4
-9.832	3.24279E-4	0.00105
-8.326	2.84872E-4	0.00109
-6.82	3.5723E-4	4.11976E-4
-5.314	2.17996E-4	5.0983E-4
-3.808	3.10323E-4	3.49924E-4
-2.302	3.52599E-4	3.92431E-4
-0.796	5.98807E-4	4.02747E-4
0.71	2.18597E-4	5.13651E-4
2.216	3.89987E-4	6.81032E-4
3.722	3.59437E-4	2.28639E-4
5.228	3.67875E-4	4.05025E-4
6.734	3.13752E-4	4.51186E-4
8.24	2.66384E-4	3.3018E-4
9.746	2.1381E-4	5.89664E-4
11.252	1.46919E-4	1.41262E-4
12.758	3.56458E-4	6.29409E-4
14.264	3.83594E-4	1.84297E-4
15.77	4.11405E-4	2.68423E-4
17.276	3.93779E-4	3.85975E-4
18.782	4.59975E-4	0.00181
20.288	0.00227	0.11856
21.794	0.00544	0.3653
23.3	0.00936	0.49634
24.806	0.01218	0.6743
26.312	0.01308	0.81373
27.818	0.01662	0.87834
29.324	0.01818	1.01649
30.83	0.02089	1.12886
32.336	0.02236	1.17717
33.842	0.02314	1.24444
35.348	0.02709	1.36993
36.854	0.02762	1.40902
38.36	0.02929	1.48418
39.866	0.02928	1.58891
41.372	0.02923	1.63444
42.878	0.0297	1.54339
44.384	0.02902	1.58267
45.89	0.02808	1.64349
47.396	0.02992	1.54958
48.902	0.02654	1.60026
50.408	0.0292	1.52386
51.914	0.02687	1.51202
53.42	0.02639	1.5059
54.926	0.02841	1.47896
56.432	0.02704	1.47263
57.938	0.02584	1.42012
59.444	0.02456	1.31635
60.95	0.02158	1.34931
62.456	0.02324	1.20596
63.962	0.02105	1.16196
65.468	0.01808	1.12052
66.974	0.02032	1.04542
68.48	0.0178	1.02331
69.986	0.01766	0.92897
71.492	0.01641	0.89949
72.998	0.015	0.86514
74.504	0.01422	0.79136
76.01	0.01363	0.76483
77.516	0.01182	0.71864
79.022	0.01073	0.66334
80.528	0.00906	0.61479
82.034	0.01046	0.58745
83.54	0.00796	0.56843
85.046	0.0082	0.53214
86.552	0.00869	0.52344
88.058	0.0066	0.47954
89.564	0.00669	0.45951
91.07	0.00572	0.46303
92.576	0.00601	0.44163
94.082	0.0053	0.42048
95.588	0.00545	0.4197
97.094	0.00539	0.39131
98.6	0.00335	0.40438
100.106	0.00407	0.3655
101.612	0.005	0.36403
103.118	0.00434	0.348
104.624	0.00321	0.35688
106.13	0.00404	0.35692
107.636	0.0044	0.34473
109.142	0.00283	0.33156
110.648	0.00324	0.32144
112.155	0.00365	0.32975
113.661	0.00345	0.31182
115.167	0.00335	0.3164
116.673	0.003	0.30319
118.179	0.00356	0.31045
119.685	0.00357	0.28638
121.191	0.00306	0.28457
122.697	0.0031	0.2763
124.203	0.00285	0.28155
125.709	0.00296	0.26505
127.215	0.00289	0.26476
128.721	0.00277	0.25872
130.227	0.00344	0.26135
131.733	0.00308	0.26221
133.239	0.00323	0.26165
134.745	0.00229	0.26252
136.251	0.00202	0.26277
137.757	0.00252	0.24883
139.263	0.00257	0.23717
140.769	0.00243	0.23813
142.275	0.00252	0.22659
143.781	0.00361	0.23605
145.287	0.00239	0.23863
146.793	0.00206	0.22116
148.299	0.00301	0.22067
149.805	0.00207	0.21811
151.311	0.00306	0.23386
152.817	0.00329	0.23875
154.323	0.0025	0.2355
155.829	0.00216	0.2201
157.335	0.00319	0.19575
158.841	0.00211	0.20206
160.347	0.00264	0.20511
161.853	0.00269	0.19115
163.359	0.002	0.20055
164.865	0.00197	0.19158
166.371	0.00215	0.18985
167.877	0.00186	0.19094
169.383	0.00249	0.19003
170.889	0.00157	0.18657
172.395	0.0032	0.18982
173.901	0.00222	0.18763
175.407	0.00102	0.18832
176.913	0.00179	0.17889
178.419	0.00256	0.17593
179.925	0.00281	0.17503
181.431	0.00229	0.18147
182.937	0.00203	0.18172
184.443	0.00288	0.17311
185.949	0.0028	0.17295
187.455	0.0019	0.16588
188.961	0.00311	0.17551
190.467	0.00282	0.17042
191.973	0.00218	0.17147
193.479	0.00237	0.16981
194.985	0.00151	0.17219
196.491	0.00287	0.16316
197.997	0.00266	0.16154
199.503	0.00153	0.16453
201.009	0.0023	0.16102
202.515	0.00196	0.16088
204.021	0.00203	0.16303
205.527	0.00255	0.16241
207.033	0.00196	0.16422
208.539	0.0022	0.16746
210.045	0.00219	0.15818
211.551	0.00209	0.15495
213.057	0.0029	0.15605
214.563	0.00245	0.15294
216.069	0.00247	0.15307
217.575	0.00203	0.15338
219.081	0.00242	0.14727
220.587	0.0024	0.15483
222.093	0.00286	0.14639
223.599	0.00167	0.15079
225.105	0.00279	0.1549
226.611	0.00214	0.15221
228.117	0.00214	0.14742
229.623	0.00208	0.14622
231.129	0.00204	0.14406
232.635	0.00281	0.14711
234.141	0.00202	0.14763
235.647	0.00235	0.13839
237.153	0.00252	0.14979
238.659	0.00183	0.14866
240.165	0.00232	0.14304
241.671	0.00185	0.12714
243.177	0.00152	0.13537
244.683	0.00175	0.13251
246.189	0.00283	0.12756
247.695	0.00144	0.12912
249.201	0.00212	0.13632
250.707	0.00186	0.12883
252.213	0.00181	0.13032
253.719	0.0027	0.12126
255.225	0.00195	0.12957
256.731	0.00149	0.12295
258.237	0.00243	0.12461
259.743	0.0023	0.12843
261.249	0.00167	0.12441
262.755	0.00272	0.13069
264.261	0.0015	0.12629
265.767	0.00191	0.13
267.273	0.00233	0.12107
268.779	0.00277	0.1208
270.285	0.00228	0.12185
271.791	0.00159	0.12219
273.297	0.00212	0.12963
274.803	0.00165	0.12293
276.309	0.00173	0.12176
277.816	0.00226	0.1198
279.322	0.00156	0.11599
280.828	0.00185	0.1227
282.334	0.00204	0.1149
283.84	0.00212	0.11377
285.346	0.00232	0.12668
286.852	0.00235	0.11566
288.358	0.00252	0.1127
289.864	0.00217	0.11525
291.37	0.00205	0.1117
292.876	0.00161	0.11407
294.382	0.00161	0.11215
295.888	0.00186	0.11017
297.394	0.0023	0.11462
298.9	0.00252	0.11087
300.406	0.00183	0.11724
301.912	0.00176	0.12462
303.418	0.00228	0.13761
304.924	0.00272	0.14936
306.43	0.00252	0.17769
307.936	0.00286	0.18829
309.442	0.00271	0.20761
310.948	0.00448	0.23755
312.454	0.00389	0.2728
313.96	0.00397	0.29299
315.466	0.00436	0.31527
316.972	0.00526	0.3355
318.478	0.00476	0.37062
319.984	0.00481	0.37791
321.49	0.00616	0.39937
322.996	0.00596	0.41595
324.502	0.0059	0.41974
326.008	0.0058	0.4457
327.514	0.00582	0.47664
329.02	0.00698	0.5055
330.526	0.0069	0.5089
332.032	0.0087	0.51177
333.538	0.00744	0.51416
335.044	0.0074	0.49498
336.55	0.00772	0.50226
338.056	0.00751	0.47534
339.562	0.00787	0.4699
341.068	0.00709	0.42891
342.574	0.00636	0.42706
344.08	0.00667	0.42372
345.586	0.00699	0.40875
347.092	0.00542	0.3976
348.598	0.00588	0.37884
350.104	0.00634	0.35815
351.61	0.00682	0.34823
353.116	0.00662	0.33902
354.622	0.00504	0.32312
356.128	0.00579	0.3215
357.634	0.00531	0.31309
359.14	0.00535	0.27526
360.646	0.00598	0.27631
362.152	0.00494	0.26638
363.658	0.00476	0.27495
365.164	0.00551	0.2675
366.67	0.00496	0.25328
368.176	0.00518	0.23933
369.682	0.00471	0.23103
371.188	0.00452	0.23683
372.694	0.0033	0.24651
374.2	0.00389	0.22942
375.706	0.00325	0.23695
377.212	0.00338	0.23383
378.718	0.00373	0.23268
380.224	0.00393	0.2298
381.73	0.00414	0.2246
383.236	0.00361	0.23237
384.742	0.0037	0.2322
386.248	0.00403	0.22625
387.754	0.00303	0.24655
389.26	0.00296	0.24649
390.766	0.00355	0.23771
392.272	0.00286	0.2369
393.778	0.00217	0.2351
395.284	0.00324	0.22794
396.79	0.00297	0.22383
398.296	0.0021	0.21862
399.802	0.00214	0.21064
401.308	0.00277	0.2047
402.814	0.00259	0.19881
404.32	0.00252	0.19761
405.826	0.0017	0.18731
407.332	0.00145	0.18925
408.838	0.00174	0.1812
410.344	0.00169	0.17167
411.85	0.00151	0.17207
413.356	0.00165	0.16463
414.862	0.00164	0.15229
416.368	0.00102	0.15447
417.874	0.00157	0.14934
419.38	0.00108	0.15275
420.886	0.00183	0.14416
422.392	0.00111	0.13897
423.898	7.46309E-4	0.13148
425.404	0.00168	0.13289
426.91	0.00142	0.12437
428.416	8.48447E-4	0.12811
429.922	0.00129	0.11926
431.428	0.00121	0.1217
432.934	7.45351E-4	0.12084
434.44	7.54623E-4	0.11691
435.946	6.81347E-4	0.12261
437.452	0.00106	0.11912
438.958	8.04031E-4	0.1104
440.464	6.83737E-4	0.11055
441.971	0.00105	0.10825
443.477	7.47734E-4	0.11031
444.983	0.00118	0.10632
446.489	7.39772E-4	0.10355
447.995	7.22154E-4	0.10505
449.501	6.72069E-4	0.0994
451.007	9.11775E-4	0.10054
452.513	8.59686E-4	0.09872
454.019	4.54975E-4	0.09923
455.525	6.35635E-4	0.1013
457.031	9.23921E-4	0.1028
458.537	5.98159E-4	0.09966
460.043	6.5818E-4	0.10401
461.549	7.90723E-4	0.10026
463.055	6.72264E-4	0.09825
464.561	7.98603E-4	0.09608
466.067	4.58152E-4	0.09737
467.573	5.94224E-4	0.09347
469.079	6.87229E-4	0.08762
470.585	5.75087E-4	0.0823
472.091	0.00106	0.08123
473.597	6.22392E-4	0.08529
475.103	8.41085E-4	0.08406
476.609	8.00411E-4	0.08374
478.115	5.71278E-4	0.07941
479.621	7.92799E-4	0.07678
481.127	9.29673E-4	0.07577
482.633	2.8571E-4	0.07702
484.139	6.94335E-4	0.07273
485.645	5.66862E-4	0.0747
487.151	5.61276E-4	0.07898
488.657	7.12762E-4	0.07561
490.163	0.00105	0.07833
491.669	7.08025E-4	0.07674
493.175	7.2562E-4	0.07778
494.681	5.24451E-4	0.0779
496.187	8.66196E-4	0.07378
497.693	4.56605E-4	0.07189
499.199	7.45061E-4	0.07445
500.705	5.07919E-4	0.07042
502.211	3.92735E-4	0.06863
503.717	3.11873E-4	0.05319
505.223	8.00682E-4	0.05012
506.729	7.3446E-4	0.06344
508.235	0.00106	0.06773
509.741	9.0499E-4	0.06815
511.247	0.0012	0.06957
512.753	8.38152E-4	0.06821
514.259	4.04187E-4	0.07029
515.765	3.43819E-4	0.0705
517.271	8.02226E-4	0.07034
518.777	7.80601E-4	0.06541
520.283	7.05231E-4	0.06756
521.789	7.51675E-4	0.06625
523.295	4.56667E-4	0.06678
524.801	4.00397E-4	0.06488
526.307	6.97222E-4	0.06689
527.813	8.33347E-4	0.06744
529.319	6.35386E-4	0.06674
530.825	4.50914E-4	0.06547
532.331	5.77824E-4	0.06423
533.837	6.81285E-4	0.06097
535.343	8.16555E-4	0.06538
536.849	4.12198E-4	0.06399
538.355	9.75742E-4	0.06275
539.861	5.06718E-4	0.06256
541.367	7.39418E-4	0.05818
542.873	6.99578E-4	0.0613
544.379	3.45983E-4	0.05902
545.885	5.39879E-4	0.06155
547.391	7.27089E-4	0.06373
548.897	8.18425E-4	0.06065
550.403	2.87134E-4	0.05945
551.909	5.46755E-4	0.05177
553.415	7.31976E-4	0.05724
554.921	6.37668E-4	0.05346
556.427	4.42583E-4	0.05803
557.933	5.83866E-4	0.05919
559.439	5.13388E-4	0.05687
560.945	4.01416E-4	0.05481
562.451	4.57492E-4	0.05779
563.957	5.0541E-4	0.05711
565.463	5.7769E-4	0.05775
566.969	5.11033E-4	0.05538
568.475	4.67256E-4	0.05793
569.981	6.80713E-4	0.05456
571.487	5.43881E-4	0.06137
572.993	4.81011E-4	0.06199
574.499	7.43999E-4	0.06532
576.005	4.32148E-4	0.06502
577.511	4.22927E-4	0.06241
579.017	4.18072E-4	0.05775
580.523	6.52949E-4	0.06003
582.029	4.12606E-4	0.05564
583.535	7.59345E-4	0.05625
585.041	5.06958E-4	0.05061
586.547	5.12569E-4	0.05175
588.053	7.17641E-4	0.05086
589.559	6.83862E-4	0.05011
591.065	2.82407E-4	0.04935
592.571	3.96184E-4	0.0539
594.077	5.64469E-4	0.05178
595.583	6.92589E-4	0.05035
597.089	5.00108E-4	0.05182
598.595	6.74865E-4	0.04825
600.101	8.21175E-4	0.05109
601.607	8.59686E-4	0.04845
603.113	6.74455E-4	0.05007
604.619	6.77348E-4	0.04752
606.125	5.72795E-4	0.04864
607.632	2.23567E-4	0.04969
609.138	6.21211E-4	0.0464
610.644	4.46236E-4	0.04581
612.15	4.4993E-4	0.04694
613.656	7.32141E-4	0.04417
615.162	4.51473E-4	0.04265
616.668	6.11842E-4	0.04303
618.174	3.32533E-4	0.04279
619.68	5.54468E-4	0.04636
621.186	6.6943E-4	0.0446
622.692	6.65672E-4	0.04571
624.198	4.93689E-4	0.04163
625.704	9.10116E-4	0.04333
627.21	4.32737E-4	0.0419
628.716	1.67994E-4	0.04228
630.222	6.53035E-4	0.04422
631.728	4.52086E-4	0.04374
633.234	3.88394E-4	0.04437
634.74	4.60504E-4	0.04294
636.246	3.35268E-4	0.04031
637.752	2.28339E-4	0.04192
639.258	6.73729E-4	0.04164
640.764	1.12899E-4	0.04207
642.27	3.94221E-4	0.04073
643.776	5.22261E-4	0.03848
645.282	2.78773E-4	0.04004
646.788	4.50112E-4	0.0396
648.294	4.82713E-4	0.03953
649.8	1.63113E-4	0.03893
651.306	3.87406E-4	0.04126
652.812	5.96835E-4	0.04203
654.318	4.99231E-4	0.04127
655.824	2.79966E-4	0.04133
657.33	3.8732E-4	0.03973
658.836	6.83706E-4	0.04418
660.342	7.37657E-4	0.04266
661.848	2.32932E-4	0.04243
663.354	5.17614E-4	0.04278
664.86	6.68445E-4	0.0427
666.366	6.39655E-4	0.04404
667.872	8.03478E-4	0.04486
669.378	0.00125	0.04889
670.884	0.00101	0.04511
672.39	8.70496E-4	0.04744
673.896	9.4314E-4	0.04576
675.402	0.00153	0.04744
676.908	0.00141	0.04707
678.414	0.00177	0.05112
679.92	0.0016	0.05193
681.426	0.00186	0.05284
682.932	0.00259	0.05686
684.438	0.00192	0.05384
685.944	0.00244	0.05487
687.45	0.00243	0.05458
688.956	0.00237	0.05308
690.462	0.00295	0.05708
691.968	0.00322	0.0575
693.474	0.00244	0.0558
694.98	0.00275	0.05408
696.486	0.00274	0.05072
697.992	0.00228	0.05568
699.498	0.00224	0.05214
701.004	0.00305	0.0642
702.51	0.00319	0.07197
704.016	0.00272	0.06446
705.522	0.00258	0.06026
707.028	0.00341	0.05755
708.534	0.00284	0.05397
710.04	0.00299	0.05613
711.546	0.00245	0.05202
713.052	0.0026	0.05419
714.558	0.00314	0.05466
716.064	0.00208	0.05199
717.57	0.00229	0.05416
719.076	0.00261	0.05419
720.582	0.00198	0.05302
722.088	0.00289	0.05334
723.594	0.00247	0.05135
725.1	0.00198	0.05493
726.606	0.00283	0.05446
728.112	0.00232	0.05419
729.618	0.00234	0.05666
731.124	0.00231	0.05407
732.63	0.00288	0.05681
734.136	0.00286	0.05488
735.642	0.00223	0.0601
737.148	0.0024	0.06149
738.654	0.00274	0.06207
740.16	0.00174	0.06376
741.666	0.00197	0.06319
743.172	0.00211	0.06581
744.678	0.00243	0.06667
746.184	0.00204	0.06919
747.69	0.00194	0.06868
749.196	0.00207	0.0713
750.702	0.002	0.06912
752.208	0.00177	0.06937
753.714	0.00122	0.06746
755.22	0.00135	0.06934
756.726	0.00199	0.07289
758.232	0.00119	0.07055
759.738	0.0013	0.07037
761.244	0.00155	0.068
762.75	0.00133	0.0688
764.256	0.00145	0.06883
765.762	0.00159	0.06791
767.268	0.00101	0.06345
768.774	0.00168	0.06638
770.28	7.90115E-4	0.06535
771.787	9.5649E-4	0.0581
773.293	0.00129	0.0563
774.799	0.00111	0.05746
776.305	0.00126	0.05681
777.811	0.00163	0.05327
779.317	0.00104	0.05457
780.823	0.00103	0.05122
782.329	5.67918E-4	0.05408
783.835	9.69578E-4	0.05363
785.341	7.32158E-4	0.05523
786.847	8.46705E-4	0.05612
788.353	6.26032E-4	0.05596
789.859	4.63436E-4	0.04958
791.365	8.49851E-4	0.05038
792.871	5.27733E-4	0.04866
794.377	6.7234E-4	0.04801
795.883	4.54117E-4	0.04636
797.389	5.67995E-4	0.04594
798.895	2.80859E-4	0.04629
800.401	4.63995E-4	0.048
801.907	6.02208E-4	0.04379
803.413	7.68695E-4	0.04396
804.919	6.51728E-4	0.04136
806.425	9.02744E-4	0.04357
807.931	6.77516E-4	0.04249
809.437	8.03533E-4	0.03888
810.943	3.51262E-4	0.03914
812.449	2.27985E-4	0.04087
813.955	6.67687E-4	0.04414
815.461	5.86893E-4	0.03934
816.967	5.14679E-4	0.041
818.473	9.78549E-4	0.03708
819.979	5.17792E-4	0.03984
821.485	3.37137E-4	0.03985
822.991	5.2162E-4	0.03755
824.497	6.12714E-4	0.03729
826.003	4.03591E-4	0.03607
827.509	5.87982E-4	0.03891
829.015	5.60962E-4	0.03669
830.521	3.98529E-4	0.04003
832.027	5.94281E-4	0.03471
833.533	3.95262E-4	0.03707
835.039	5.08309E-4	0.03749
836.545	4.73143E-4	0.03755
838.051	4.58331E-4	0.03339
839.557	3.94327E-4	0.03612
841.063	5.71395E-4	0.03081
842.569	3.47859E-4	0.03445
844.075	5.14855E-4	0.03436
845.581	3.37934E-4	0.03522
847.087	5.58107E-4	0.03322
848.593	5.71486E-4	0.0367
850.099	3.43088E-4	0.03264
851.605	4.57419E-4	0.03269
853.111	5.00164E-4	0.0355
854.617	3.56534E-4	0.03331
856.123	7.3617E-4	0.03332
857.629	3.41526E-4	0.03238
859.135	5.25001E-4	0.03362
860.641	3.4134E-4	0.03484
862.147	5.89673E-4	0.0333
863.653	6.8616E-4	0.03129
865.159	2.25386E-4	0.03332
866.665	5.03713E-4	0.02826
868.171	4.00425E-4	0.03096
869.677	7.89687E-4	0.03191
871.183	7.65259E-4	0.03063
872.689	1.69291E-4	0.03032
874.195	3.96022E-4	0.02991
875.701	5.07575E-4	0.02894
877.207	4.51178E-4	0.03099
878.713	4.57001E-4	0.0292
880.219	2.25309E-4	0.03001
881.725	4.6244E-4	0.02979
883.231	4.4556E-4	0.02897
884.737	4.08801E-4	0.03125
886.243	1.72458E-4	0.02993
887.749	3.95611E-4	0.02798
889.255	3.97172E-4	0.03115
890.761	2.27461E-4	0.02918
892.267	4.52403E-4	0.02825
893.773	4.06043E-4	0.02979
895.279	5.63426E-4	0.02928
896.785	4.61757E-4	0.029
898.291	2.24823E-4	0.0296
899.797	2.80078E-4	0.0301
901.303	5.19285E-4	0.02864
902.809	2.87259E-4	0.02745
904.315	3.48902E-4	0.03042
905.821	5.03352E-4	0.02863
907.327	6.00267E-5	0.02754
908.833	2.85072E-4	0.02815
910.339	3.37706E-4	0.02628
911.845	3.99721E-4	0.02705
913.351	4.4182E-4	0.02798
914.857	4.95406E-4	0.02727
916.363	6.35459E-4	0.02783
917.869	5.00921E-4	0.02851
919.375	3.36834E-4	0.02654
920.881	2.78438E-4	0.02873
922.387	3.37212E-4	0.02846
923.893	1.13751E-4	0.02914
925.399	3.59997E-4	0.02916
926.905	6.67273E-4	0.03355
928.411	1.22071E-4	0.03232
929.917	5.99162E-4	0.03189
931.423	3.54572E-4	0.03356
932.929	2.97338E-4	0.03042
934.435	6.56813E-4	0.02979
935.941	4.04935E-4	0.02659
937.448	1.17513E-4	0.02638
938.954	3.36516E-4	0.02891
940.46	2.94268E-4	0.02506
941.966	3.95781E-4	0.02782
943.472	2.27404E-4	0.02765
944.978	3.42751E-4	0.02469
946.484	3.44324E-4	0.02713
947.99	1.1295E-4	0.02678
949.496	4.0676E-4	0.02622
951.002	2.89715E-4	0.02564
952.508	3.46382E-4	0.02525
954.014	2.75991E-4	0.02707
955.52	3.9622E-4	0.025
957.026	2.91246E-4	0.02582
958.532	3.37394E-4	0.02445
960.038	6.95219E-4	0.02572
961.544	8.04808E-4	0.02465
963.05	6.10863E-4	0.02526
964.556	3.5072E-4	0.02556
966.062	2.87272E-4	0.02707
967.568	1.16349E-4	0.02522
969.074	1.13687E-4	0.02461
970.58	4.49991E-4	0.02659
972.086	3.42727E-4	0.02669
973.592	2.86824E-4	0.02486
975.098	2.20209E-4	0.02348
976.604	2.71371E-4	0.02558
978.11	1.74055E-4	0.02342
979.616	1.6949E-4	0.02269
981.122	1.70911E-4	0.02469
982.628	1.73684E-4	0.02418
984.134	1.68134E-4	0.02377
985.64	6.30682E-4	0.02558
987.146	4.03702E-4	0.02818
988.652	4.00425E-4	0.02509
990.158	4.03972E-4	0.02376
991.664	4.60684E-4	0.02598
993.17	4.03795E-4	0.02492
994.676	2.80424E-4	0.02404
996.182	2.84178E-4	0.02376
997.688	1.73543E-4	0.02312
999.194	5.65963E-5	0.02269
1000.7	4.47174E-4	0.02509
1002.206	2.81624E-4	0.02399
1003.712	4.45819E-4	0.02366
1005.218	2.86332E-4	0.02279
1006.724	4.50274E-4	0.02349
1008.23	3.58544E-4	0.02283
1009.736	2.92821E-4	0.0236
1011.242	6.0579E-4	0.02084
1012.748	3.16503E-4	0.02056
1014.254	1.60904E-4	0.01981
1015.76	4.1904E-4	0.01974
1017.266	2.7531E-4	0.0208
1018.772	3.8181E-4	0.02093
1020.278	1.13852E-4	0.02209
1021.784	5.2714E-4	0.02264
1023.29	7.99751E-4	0.02493
1024.796	5.63166E-4	0.02741
1026.302	6.1035E-4	0.0321
1027.808	6.26406E-4	0.03078
1029.314	8.56115E-4	0.02594
1030.82	5.11393E-4	0.02335
1032.326	6.28449E-4	0.02491
1033.832	7.18514E-4	0.02308
1035.338	5.68693E-4	0.02455
1036.844	4.62729E-4	0.02705
1038.35	7.47871E-4	0.02463
1039.856	7.87237E-4	0.0272
1041.362	0.00127	0.02256
1042.868	0.00132	0.02551
1044.374	0.00116	0.02445
1045.88	0.00124	0.02501
1047.386	0.00121	0.02562
1048.892	0.00117	0.02597
1050.398	0.00176	0.0272
1051.904	0.00137	0.02475
1053.41	0.0014	0.02577
1054.916	0.00111	0.02474
1056.422	0.00163	0.02477
1057.928	0.00126	0.02684
1059.434	0.00181	0.02531
1060.94	0.00144	0.02613
1062.446	0.00224	0.02598
1063.952	0.00159	0.02739
1065.458	0.00168	0.02558
1066.964	0.00162	0.02781
1068.47	0.00172	0.02479
1069.976	0.00171	0.02646
1071.482	0.0017	0.02536
1072.988	0.00156	0.02629
1074.494	0.00192	0.02579
1076	0.00128	0.0269
1077.506	0.00158	0.02649
1079.012	0.00177	0.02757
1080.518	0.00134	0.02665
1082.024	0.00242	0.02633
1083.53	0.00199	0.02666
1085.036	0.00165	0.02631
1086.542	0.00155	0.02834
1088.048	0.00178	0.02552
1089.554	0.00161	0.02636
1091.06	0.00161	0.02577
1092.566	0.00149	0.02774
1094.072	0.0016	0.03323
1095.578	0.00205	0.02884
1097.084	0.00119	0.03049
1098.59	0.00163	0.03205
1100.096	0.0012	0.03177
1101.602	0.00152	0.03102
1103.109	0.00153	0.03241
1104.615	0.00133	0.03561
1106.121	0.00176	0.03357
1107.627	9.07536E-4	0.03673
1109.133	0.00114	0.03762
1110.639	0.00156	0.03826
1112.145	0.00131	0.03972
1113.651	0.00149	0.04026
1115.157	0.00164	0.0403
1116.663	9.55028E-4	0.04075
1118.169	0.00143	0.03908
1119.675	9.05564E-4	0.04152
1121.181	0.00102	0.04182
1122.687	6.1426E-4	0.04068
1124.193	0.00122	0.03758
1125.699	0.00115	0.04015
1127.205	6.98178E-4	0.03856
1128.711	9.98287E-4	0.04219
1130.217	8.46647E-4	0.04163
1131.723	7.51397E-4	0.04061
1133.229	5.6846E-4	0.03546
1134.735	5.57261E-4	0.0396
1136.241	6.90978E-4	0.03867
1137.747	5.05376E-4	0.0372
1139.253	8.72602E-4	0.03645
1140.759	0.00134	0.03715
1142.265	2.81853E-4	0.0356
1143.771	5.9115E-4	0.03654
1145.277	6.64787E-4	0.03436
1146.783	4.56292E-4	0.03431
1148.289	4.5598E-4	0.03358
1149.795	6.0587E-4	0.03358
1151.301	9.06053E-4	0.03635
1152.807	8.46359E-4	0.04091
1154.313	6.76404E-4	0.03857
1155.819	5.5501E-4	0.03451
1157.325	5.09818E-4	0.03325
1158.831	4.67452E-4	0.02965
1160.337	5.05103E-4	0.02822
1161.843	5.81666E-4	0.0298
1163.349	5.56777E-4	0.02786
1164.855	3.35066E-4	0.02731
1166.361	7.80688E-4	0.0272
1167.867	2.76199E-4	0.02826
1169.373	3.9729E-4	0.02751
1170.879	2.321E-4	0.02641
1172.385	5.16071E-4	0.03145
1173.891	6.23153E-4	0.02458
1175.397	3.49805E-4	0.02783
1176.903	6.85627E-4	0.02514
1178.409	2.83656E-4	0.02483
1179.915	3.92638E-4	0.02484
1181.421	6.30696E-4	0.02665
1182.927	3.3632E-4	0.02715
1184.433	3.45887E-4	0.0259
1185.939	4.96576E-4	0.02692
1187.445	3.35966E-4	0.02633
1188.951	1.66322E-4	0.02474
1190.457	7.15965E-4	0.02377
1191.963	4.50011E-4	0.02513
1193.469	6.69444E-4	0.02628
1194.975	2.29081E-4	0.02487
1196.481	5.72559E-4	0.02436
1197.987	3.92462E-4	0.02416
1199.493	6.35885E-4	0.02528
1200.999	2.30167E-4	0.02226
1202.505	4.04682E-4	0.02387
1204.011	3.99593E-4	0.02313
1205.517	5.76346E-4	0.02171
1207.023	6.23365E-4	0.023
1208.529	5.85972E-4	0.02278
1210.035	1.70965E-4	0.0222
1211.541	3.39809E-4	0.02168
1213.047	4.53623E-4	0.02492
1214.553	3.35111E-4	0.0235
1216.059	1.13581E-4	0.02375
1217.565	2.87768E-4	0.02293
1219.071	4.55006E-4	0.02098
1220.577	3.35786E-4	0.02185
1222.083	4.65322E-4	0.02218
1223.589	1.11157E-4	0.02172
1225.095	2.35265E-4	0.02244
1226.601	3.47304E-4	0.02422
1228.107	1.73776E-4	0.02335
1229.613	1.15166E-4	0.02434
1231.119	2.93047E-4	0.02429
1232.625	2.99487E-4	0.02431
1234.131	1.17516E-4	0.02313
1235.637	2.90131E-4	0.02359
1237.143	3.00856E-4	0.02323
1238.649	4.77671E-4	0.02254
1240.155	1.20108E-4	0.02491
1241.661	1.71791E-4	0.02087
1243.167	1.79238E-4	0.02254
1244.673	3.53829E-4	0.02232
1246.179	2.85704E-4	0.02098
1247.685	3.58869E-4	0.0225
1249.191	6.34229E-4	0.02075
1250.697	2.27974E-4	0.02089
1252.203	4.05413E-4	0.01996
1253.709	4.03991E-4	0.02188
1255.215	5.72822E-4	0.01949
1256.721	4.65604E-4	0.02031
1258.227	1.13754E-4	0.01911
1259.733	3.46918E-4	0.0181
1261.239	2.619E-4	0.01788
1262.745	3.93726E-4	0.01193
1264.251	3.69503E-4	0.01634
1265.757	2.11708E-4	0.01691
1267.264	3.35448E-4	0.01939
1268.77	3.89709E-4	0.01758
1270.276	2.15135E-4	0.01996
1271.782	4.64674E-4	0.01946
1273.288	5.07324E-4	0.02043
1274.794	2.33046E-4	0.02058
1276.3	2.24889E-4	0.02013
1277.806	2.23282E-4	0.01939
1279.312	4.53356E-4	0.01943
1280.818	4.6304E-4	0.0195
1282.324	5.69235E-5	0.01944
1283.83	5.0976E-4	0.01895
1285.336	2.80393E-4	0.01892
1286.842	4.05357E-4	0.02084
1288.348	5.721E-5	0.01886
1289.854	1.69866E-4	0.01814
1291.36	2.93798E-4	0.01898
1292.866	2.90934E-4	0.01784
1294.372	2.86155E-4	0.01916
1295.878	2.91633E-4	0.01866
1297.384	4.0821E-4	0.01924
1298.89	3.41332E-4	0.02006
1300.396	5.69236E-4	0.0182
1301.902	1.1111E-4	0.02117
1303.408	4.01315E-4	0.01755
1304.914	2.21247E-4	0.01804
1306.42	2.89607E-4	0.01953
1307.926	4.00095E-4	0.0195
1309.432	1.10913E-4	0.01955
1310.938	2.85124E-4	0.01953
1312.444	5.1734E-4	0.01865
1313.95	4.64049E-4	0.01922
1315.456	5.7689E-5	0.01892
1316.962	4.60027E-4	0.01942
1318.468	3.96695E-4	0.01968
1319.974	4.57628E-4	0.01827
1321.48	2.83065E-4	0.0183
1322.986	1.71709E-4	0.01788
1324.492	6.40817E-4	0.01708
1325.998	1.1019E-4	0.01903
1327.504	2.33606E-4	0.01791
1329.01	1.1448E-4	0.01862
1330.516	2.8755E-4	0.01811
1332.022	1.20169E-4	0.01911
1333.528	3.92136E-4	0.0164
1335.034	2.27327E-4	0.01947
1336.54	1.67795E-4	0.01821
1338.046	3.99876E-4	0.01801
1339.552	2.90995E-4	0.01851
1341.058	2.81897E-4	0.01906
1342.564	4.72128E-4	0.01788
1344.07	4.46655E-4	0.01854
1345.576	2.29118E-4	0.01966
1347.082	4.65246E-4	0.01923
1348.588	2.24068E-4	0.01651
1350.094	2.83367E-4	0.01688
1351.6	2.85834E-4	0.0172
1353.106	1.73696E-4	0.02077
1354.612	1.82452E-4	0.0223
1356.118	4.51262E-4	0.02079
1357.624	6.32227E-4	0.02091
1359.13	1.84814E-4	0.02166
1360.636	2.40309E-4	0.02258
1362.142	4.18831E-4	0.02041
1363.648	4.07574E-4	0.02011
1365.154	3.98474E-4	0.01832
1366.66	2.8311E-4	0.01955
1368.166	2.31209E-4	0.01962
1369.672	2.2905E-4	0.01868
1371.178	2.30188E-4	0.01934
1372.684	2.85821E-4	0.01895
1374.19	2.34988E-4	0.01827
1375.696	4.55721E-4	0.01909
1377.202	4.06212E-4	0.01875
1378.708	2.25849E-4	0.01637
1380.214	2.27239E-4	0.01919
1381.72	3.4279E-4	0.01869
1383.226	1.13697E-4	0.01821
1384.732	5.09691E-4	0.01787
1386.238	4.00975E-4	0.01814
1387.744	5.07839E-4	0.01714
1389.25	4.43673E-4	0.01676
1390.756	2.812E-4	0.01918
1392.262	3.88964E-4	0.01852
1393.768	5.75193E-4	0.01999
1395.274	3.84672E-4	0.01816
1396.78	3.46614E-4	0.0195
1398.286	6.37078E-4	0.02058
1399.792	8.07164E-4	0.01988
1401.298	0.0012	0.02069
1402.804	4.9331E-4	0.02102
1404.31	4.49495E-4	0.01942
1405.816	0.00103	0.02161
1407.322	7.95446E-4	0.01979
1408.828	9.22005E-4	0.02131
1410.334	9.2812E-4	0.02072
1411.84	0.00124	0.02071
1413.346	0.00144	0.02223
1414.852	7.87644E-4	0.02315
1416.358	0.00175	0.02049
1417.864	0.0017	0.02133
1419.37	0.00148	0.02187
1420.876	9.11629E-4	0.0202
1422.382	0.00199	0.02244
1423.888	0.00154	0.02025
1425.394	0.00155	0.02208
1426.9	0.00169	0.02055
1428.406	8.8811E-4	0.02
1429.912	0.00143	0.01969
1431.418	0.00168	0.02126
1432.925	0.00132	0.02121
1434.431	0.00157	0.02045
1435.937	0.00107	0.02065
1437.443	0.00143	0.02033
1438.949	0.00148	0.02261
1440.455	0.00181	0.02182
1441.961	0.00159	0.02208
1443.467	0.00188	0.02274
1444.973	9.56576E-4	0.02148
1446.479	0.00133	0.0238
1447.985	7.81402E-4	0.02118
1449.491	0.00115	0.01977
1450.997	0.00139	0.02374
1452.503	0.00144	0.02292
1454.009	0.00117	0.0239
1455.515	0.00152	0.024
1457.021	0.00189	0.02483
1458.527	0.00135	0.02289
1460.033	9.75899E-4	0.02566
1461.539	0.00121	0.0268
1463.045	0.00173	0.02439
1464.551	8.63823E-4	0.02611
1466.057	0.0012	0.02615
1467.563	0.0011	0.02813
1469.069	0.00144	0.02948
1470.575	0.00113	0.02995
1472.081	0.00118	0.02746
1473.587	0.0011	0.02745
1475.093	9.1417E-4	0.02882
1476.599	0.00114	0.02968
1478.105	0.00114	0.03172
1479.611	0.00154	0.03153
1481.117	7.90168E-4	0.03003
1482.623	8.55725E-4	0.03215
1484.129	8.05641E-4	0.0295
1485.635	8.48735E-4	0.0314
1487.141	7.44055E-4	0.03336
1488.647	5.55404E-4	0.03476
1490.153	8.31813E-4	0.02881
1491.659	6.22885E-4	0.0288
1493.165	7.92565E-4	0.03068
1494.671	8.29099E-4	0.03179
1496.177	4.01923E-4	0.02937
1497.683	9.02479E-4	0.02855
1499.189	7.82555E-4	0.03057
1500.695	6.22082E-4	0.02961
1502.201	9.87044E-4	0.02918
1503.707	2.22592E-4	0.02876
1505.213	6.99398E-4	0.02847
1506.719	3.29733E-4	0.02444
1508.225	5.69586E-4	0.02552
1509.731	5.06547E-4	0.02435
1511.237	6.92078E-4	0.02847
1512.743	6.76478E-4	0.02575
1514.249	3.92697E-4	0.01738
1515.755	6.30465E-4	0.01639
1517.261	3.74543E-4	0.01955
1518.767	7.64087E-4	0.02127
1520.273	1.5946E-4	0.02188
1521.779	3.85401E-4	0.02429
1523.285	2.84631E-4	0.02406
1524.791	3.41425E-4	0.02178
1526.297	3.78203E-4	0.02272
1527.803	8.89183E-4	0.02361
1529.309	2.85593E-4	0.02158
1530.815	8.93119E-4	0.02114
1532.321	5.02162E-4	0.02241
1533.827	4.62472E-4	0.02096
1535.333	5.24781E-4	0.02449
1536.839	2.26498E-4	0.02255
1538.345	5.08229E-4	0.02147
1539.851	5.02565E-4	0.02257
1541.357	9.4555E-4	0.02182
1542.863	2.86358E-4	0.02149
1544.369	9.27046E-4	0.02083
1545.875	2.32542E-4	0.02154
1547.381	3.98021E-4	0.02403
1548.887	3.86986E-4	0.02236
1550.393	4.55306E-4	0.02205
1551.899	3.9391E-4	0.02443
1553.405	4.06901E-4	0.02179
1554.911	2.33699E-4	0.0207
1556.417	3.96552E-4	0.02047
1557.923	5.3399E-4	0.02055
1559.429	2.22433E-4	0.02026
1560.935	3.42297E-4	0.02209
1562.441	5.40786E-4	0.01919
1563.947	2.85014E-4	0.01999
1565.453	2.92794E-4	0.02134
1566.959	1.72872E-4	0.01816
1568.465	4.05986E-4	0.02112
1569.971	4.09212E-4	0.02004
1571.477	2.91355E-4	0.0198
1572.983	4.50183E-4	0.0201
1574.489	2.96226E-4	0.02062
1575.995	4.10391E-4	0.02161
1577.501	8.7535E-4	0.02058
1579.007	3.94594E-4	0.01969
1580.513	4.00178E-4	0.02062
1582.019	2.30162E-4	0.01951
1583.525	2.2498E-4	0.01941
1585.031	2.85033E-4	0.01809
1586.537	4.08144E-4	0.02197
1588.043	3.78943E-4	0.02442
1589.549	6.71803E-4	0.02453
1591.055	5.7541E-4	0.02548
1592.561	2.53178E-4	0.02349
1594.067	2.39636E-4	0.02026
1595.573	5.30881E-4	0.0191
1597.08	6.28434E-4	0.01807
1598.586	2.20098E-4	0.01508
1600.092	3.69518E-4	0.01638
1601.598	6.23124E-4	0.01666
1603.104	2.11587E-4	0.01497
1604.61	2.19774E-4	0.01474
1606.116	3.85562E-4	0.01711
1607.622	3.25765E-4	0.01464
1609.128	1.60804E-4	0.01591
1610.634	4.5273E-4	0.01516
1612.14	4.44037E-4	0.01498
1613.646	2.21223E-4	0.01695
1615.152	2.19225E-4	0.01614
1616.658	1.6312E-4	0.01639
1618.164	1.67383E-4	0.01542
1619.67	2.73371E-4	0.01645
1621.176	3.99156E-4	0.01675
1622.682	1.15549E-4	0.01565
1624.188	2.85378E-4	0.0162
1625.694	5.10708E-4	0.01629
1627.2	2.2936E-4	0.01714
1628.706	2.2533E-4	0.01691
1630.212	1.12044E-4	0.01483
1631.718	1.09365E-4	0.01753
1633.224	4.68065E-4	0.01691
1634.73	3.96552E-4	0.01672
1636.236	6.40384E-4	0.01651
1637.742	1.74715E-4	0.0157
1639.248	1.69797E-4	0.01493
1640.754	1.12761E-4	0.01782
1642.26	3.48659E-4	0.01765
1643.766	2.90024E-4	0.01666
1645.272	1.71379E-4	0.01612
1646.778	2.30676E-4	0.01785
1648.284	1.77542E-4	0.01622
1649.79	4.07185E-4	0.0167
1651.296	5.31382E-4	0.0165
1652.802	2.30199E-4	0.0169
1654.308	1.77647E-4	0.01585
1655.814	1.84533E-4	0.01977
1657.32	2.54659E-4	0.01991
1658.826	5.07498E-4	0.02002
1660.332	4.18551E-4	0.01627
1661.838	3.95244E-4	0.0168
1663.344	2.25431E-4	0.01517
1664.85	2.75086E-4	0.01594
1666.356	2.23972E-4	0.01658
1667.862	3.94701E-4	0.01639
1669.368	2.84877E-4	0.017
1670.874	4.49728E-4	0.01638
1672.38	2.79796E-4	0.01675
1673.886	3.45855E-4	0.01702
1675.392	3.40472E-4	0.01551
1676.898	3.5197E-4	0.01595
1678.404	2.29118E-4	0.01655
1679.91	2.28318E-4	0.01623
1681.416	1.76977E-4	0.01649
1682.922	1.70507E-4	0.01562
1684.428	1.69459E-4	0.01773
1685.934	2.81777E-4	0.01641
1687.44	3.94781E-4	0.01675
1688.946	1.14711E-4	0.01594
1690.452	2.24965E-4	0.01583
1691.958	1.70147E-4	0.01761
1693.464	4.55617E-4	0.01375
1694.97	2.80531E-4	0.01606
1696.476	6.22363E-4	0.01771
1697.982	2.86384E-4	0.01578
1699.488	1.15661E-4	0.01682
1700.994	4.56303E-4	0.01537
1702.5	3.33109E-4	0.01682
1704.006	4.42612E-4	0.01606
1705.512	6.31246E-4	0.01454
1707.018	3.35598E-4	0.01731
1708.524	1.71371E-4	0.01593
1710.03	2.85776E-4	0.01615
1711.536	4.02635E-4	0.01456
1713.042	3.46015E-4	0.01487
1714.548	4.53716E-4	0.01634
1716.054	3.43724E-4	0.0159
1717.56	1.74488E-4	0.01333
1719.066	4.47004E-4	0.01469
1720.572	2.83598E-4	0.01494
1722.078	3.42157E-4	0.01755
1723.584	3.96606E-4	0.01408
1725.09	2.84023E-4	0.01532
1726.596	5.18544E-4	0.01414
1728.102	1.7102E-4	0.01534
1729.608	3.94558E-4	0.01498
1731.114	2.25579E-4	0.01399
1732.62	4.59499E-4	0.0152
1734.126	1.15434E-4	0.01566
1735.632	2.8575E-4	0.01485
1737.138	1.15905E-4	0.01484
1738.644	4.61747E-4	0.01486
1740.15	1.75401E-4	0.01286
1741.656	3.49903E-4	0.01399
1743.162	3.91934E-4	0.01507
1744.668	1.74882E-4	0.01471
1746.174	4.19513E-4	0.01533
1747.68	1.18952E-4	0.01282
1749.186	2.3114E-4	0.01428
1750.692	1.20615E-4	0.0148
1752.198	7.4595E-4	0.01325
1753.704	2.28313E-4	0.01436
1755.21	2.92185E-4	0.01565
1756.716	2.36879E-4	0.01556
1758.222	7.33844E-4	0.01543
1759.728	3.99001E-4	0.0153
1761.234	6.72882E-4	0.01638
1762.741	5.65324E-4	0.01642
1764.247	7.81437E-4	0.01634
1765.753	7.08326E-4	0.01545
1767.259	9.22197E-4	0.01629
1768.765	7.43204E-4	0.01679
1770.271	6.15732E-4	0.01638
1771.777	6.92764E-4	0.0165
1773.283	0.00151	0.01766
1774.789	5.65209E-4	0.01587
1776.295	0.00117	0.01671
1777.801	7.36153E-4	0.01928
1779.307	0.00101	0.01702
1780.813	0.00122	0.01801
1782.319	8.63564E-4	0.01711
1783.825	8.9347E-4	0.01693
1785.331	0.0012	0.01756
1786.837	0.00128	0.01719
1788.343	9.07289E-4	0.0183
1789.849	0.00128	0.01765
1791.355	8.43582E-4	0.01813
1792.861	8.52884E-4	0.01661
1794.367	0.00117	0.01689
1795.873	9.84986E-4	0.01505
1797.379	0.00106	0.01552
1798.885	8.51278E-4	0.01646
1800.391	8.06197E-4	0.01796
1801.897	0.00145	0.0159
1803.403	0.00116	0.01608
1804.909	9.89916E-4	0.01611
1806.415	0.00138	0.01606
1807.921	9.0993E-4	0.01527
1809.427	0.00147	0.01545
1810.933	0.00106	0.01642
1812.439	0.00111	0.01836
1813.945	0.00124	0.01748
1815.451	9.25267E-4	0.01816
1816.957	9.47366E-4	0.01733
1818.463	0.00109	0.01865
1819.969	0.00113	0.02014
1821.475	0.00119	0.01791
1822.981	0.00144	0.01949
1824.487	0.00116	0.0185
1825.993	6.93821E-4	0.02012
1827.499	0.00113	0.02268
1829.005	8.11409E-4	0.01992
1830.511	0.0016	0.02147
1832.017	0.00101	0.02271
1833.523	0.00104	0.02168
1835.029	0.00125	0.02294
1836.535	8.19938E-4	0.022
1838.041	8.98245E-4	0.02297
1839.547	5.09298E-4	0.02514
1841.053	9.00834E-4	0.02465
1842.559	4.79134E-4	0.02223
1844.065	5.64559E-4	0.0236
1845.571	7.21609E-4	0.02386
1847.077	5.04209E-4	0.02329
1848.583	5.06445E-4	0.0227
1850.089	7.59079E-4	0.02454
1851.595	5.07027E-4	0.02495
1853.101	5.06764E-4	0.02475
1854.607	6.89978E-4	0.0227
1856.113	4.11104E-4	0.02154
1857.619	3.98592E-4	0.02117
1859.125	5.7709E-4	0.02184
1860.631	6.89597E-4	0.02144
1862.137	6.73245E-4	0.02153
1863.643	3.40233E-4	0.02281
1865.149	4.59921E-4	0.02135
1866.655	8.05289E-4	0.02399
1868.161	4.0047E-4	0.01935
1869.667	2.87253E-4	0.01974
1871.173	6.51234E-4	0.01864
1872.679	2.91219E-4	0.02133
1874.185	3.48344E-4	0.02102
1875.691	5.13927E-4	0.01919
1877.197	5.16403E-4	0.01816
1878.703	2.93267E-4	0.01857
1880.209	6.08781E-4	0.02008
1881.715	3.0095E-4	0.02186
1883.221	6.08707E-4	0.02097
1884.727	3.69728E-4	0.02225
1886.233	3.57001E-4	0.02078
1887.739	3.55387E-4	0.0191
1889.245	2.33813E-4	0.019
1890.751	5.88896E-4	0.01932
1892.257	3.4615E-4	0.01933
1893.763	2.72596E-4	0.01522
1895.269	4.09491E-4	0.01384
1896.775	3.52915E-4	0.0133
1898.281	1.54105E-4	0.01378
1899.787	5.61894E-5	0.01401
1901.293	1.61807E-4	0.01452
1902.799	2.1801E-4	0.01474
1904.305	3.41542E-4	0.01491
1905.811	5.09564E-4	0.01543
1907.317	4.39104E-4	0.01635
1908.823	2.90219E-4	0.01566
1910.329	3.43646E-4	0.01654
1911.835	5.61239E-4	0.01584
1913.341	2.31809E-4	0.018
1914.847	3.94185E-4	0.01585
1916.353	2.21954E-4	0.01572
1917.859	1.75282E-4	0.01571
1919.365	5.63071E-4	0.01643
1920.871	4.58709E-4	0.01604
1922.377	3.82929E-4	0.01738
1923.883	2.26544E-4	0.01741
1925.389	1.68436E-4	0.01732
1926.896	2.23158E-4	0.0161
1928.402	2.25726E-4	0.01513
1929.908	7.38394E-4	0.0164
1931.414	2.29417E-4	0.01715
1932.92	2.85508E-4	0.01628
1934.426	3.9932E-4	0.01639
1935.932	3.93768E-4	0.01446
1937.438	4.0047E-4	0.01528
1938.944	4.60027E-4	0.01536
1940.45	7.60481E-4	0.0161
1941.956	5.83171E-5	0.01566
1943.462	3.86209E-4	0.01383
1944.968	5.84602E-4	0.01412
1946.474	1.12308E-4	0.01528
1947.98	2.17465E-4	0.01571
1949.486	1.11375E-4	0.01595
1950.992	2.83168E-4	0.0143
1952.498	3.98656E-4	0.01433
1954.004	2.23987E-4	0.01312
1955.51	2.22389E-4	0.0132
1957.016	2.84631E-4	0.01358
1958.522	1.65157E-4	0.014
1960.028	2.28971E-4	0.01428
1961.534	1.10717E-4	0.01343
1963.04	5.77743E-5	0.01478
1964.546	4.06288E-4	0.01256
1966.052	5.08447E-4	0.01485
1967.558	5.65107E-4	0.01458
1969.064	3.903E-4	0.01397
1970.57	5.7056E-5	0.01397
1972.076	5.41249E-5	0.01417
1973.582	1.66274E-4	0.01238
1975.088	4.04122E-4	0.01496
1976.594	1.73239E-4	0.01532
1978.1	1.69697E-4	0.01354
1979.606	3.91978E-4	0.01454
1981.112	2.24526E-4	0.01415
1982.618	1.75919E-4	0.01333
1984.124	2.99022E-4	0.01487
1985.63	1.98959E-4	0.0169
1987.136	0.00119	0.01659
1988.642	8.14285E-4	0.01637
1990.148	3.64444E-4	0.0148
1991.654	1.79383E-4	0.01323
1993.16	5.78091E-4	0.0136
1994.666	2.91626E-4	0.01385
1996.172	3.45378E-4	0.0129
1997.678	1.7154E-4	0.01388
1999.184	1.76486E-4	0.01364
2000.69	4.06278E-4	0.01283
2002.196	4.46884E-4	0.01411
2003.702	4.02209E-4	0.01434
2005.208	2.22137E-4	0.01354
2006.714	2.12763E-4	0.01063
2008.22	1.07609E-4	0.01159
2009.726	2.75687E-4	0.01227
2011.232	3.81976E-4	0.01225
2012.738	2.19071E-4	0.01224
2014.244	2.71477E-4	0.01381
2015.75	1.6954E-4	0.01249
2017.256	1.7615E-4	0.01218
2018.762	2.22181E-4	0.01427
2020.268	1.11961E-4	0.01349
2021.774	5.0847E-4	0.01291
2023.28	3.40511E-4	0.01251
2024.786	1.17591E-4	0.01166
2026.292	5.94224E-5	0.0131
2027.798	2.36131E-4	0.01328
2029.304	2.25162E-4	0.01194
2030.81	4.66472E-4	0.01327
2032.316	1.13442E-4	0.01278
2033.822	2.29239E-4	0.01428
2035.328	1.15219E-4	0.01346
2036.834	2.31836E-4	0.01256
2038.34	2.23173E-4	0.01244
2039.846	2.25594E-4	0.01288
2041.352	3.89276E-4	0.01289
2042.858	2.89386E-4	0.01378
2044.364	1.70716E-4	0.01295
2045.87	2.26508E-4	0.01531
2047.376	2.32304E-4	0.01313
2048.882	2.84936E-4	0.01309
2050.388	3.4127E-4	0.01337
2051.894	2.73473E-4	0.01368
2053.4	2.29423E-4	0.01281
2054.906	1.71E-4	0.01314
2056.412	2.20803E-4	0.01265
2057.918	1.12642E-4	0.01143
2059.424	1.14203E-4	0.01247
2060.93	2.27969E-4	0.01301
2062.436	1.12769E-4	0.01375
2063.942	2.33775E-4	0.01503
2065.448	4.04271E-4	0.01165
2066.954	3.97181E-4	0.01394
2068.46	3.45362E-4	0.01206
2069.966	2.82585E-4	0.01141
2071.472	1.71941E-4	0.0125
2072.978	1.16721E-4	0.01283
2074.484	2.8033E-4	0.0118
2075.99	2.33019E-4	0.01236
2077.496	2.90792E-4	0.01374
2079.002	2.81478E-4	0.01315
2080.508	2.28438E-4	0.01093
2082.014	3.95646E-4	0.01252
2083.52	1.14543E-4	0.01395
2085.026	1.17222E-4	0.01175
2086.532	3.40318E-4	0.01188
2088.038	2.28929E-4	0.01179
2089.544	4.00709E-4	0.01274
2091.05	1.76241E-4	0.00988
2092.557	1.71289E-4	0.01364
2094.063	1.15634E-4	0.01229
2095.569	2.84391E-4	0.01236
2097.075	5.60722E-5	0.012
2098.581	2.87629E-4	0.01256
2100.087	1.76615E-4	0.01243
2101.593	2.93082E-4	0.01154
2103.099	2.93137E-4	0.01179
2104.605	1.71905E-4	0.01134
2106.111	1.17926E-4	0.01161
2107.617	5.62564E-5	0.01441
2109.123	1.7249E-4	0.01205
2110.629	1.75504E-4	0.01107
2112.135	1.73604E-4	0.01286
2113.641	2.2883E-4	0.01286
2115.147	1.72142E-4	0.01482
2116.653	2.41026E-4	0.01298
2118.159	2.87418E-4	0.01131
2119.665	2.87994E-4	0.01181
2121.171	3.4891E-4	0.01288
2122.677	3.10615E-4	0.01482
2124.183	1.81776E-4	0.01499
2125.689	4.40224E-4	0.01443
2127.195	5.71565E-4	0.01308
2128.701	5.00408E-4	0.01195
2130.207	6.78389E-4	0.01098
2131.713	2.86214E-4	0.01167
2133.219	2.26124E-4	0.01078
2134.725	2.9335E-4	0.01086
2136.231	5.6535E-4	0.01136
2137.737	1.2056E-4	0.00991
2139.243	4.62772E-4	0.01147
2140.749	5.0916E-4	0.01129
2142.255	6.35034E-4	0.0116
2143.761	4.04103E-4	0.01225
2145.267	7.46892E-4	0.00957
2146.773	5.21438E-4	0.01001
2148.279	5.80021E-4	0.01021
2149.785	2.88126E-4	0.0102
2151.291	6.90946E-4	0.01027
2152.797	6.44932E-4	0.01011
2154.303	6.97092E-4	0.00961
2155.809	3.44418E-4	0.00968
2157.315	6.91376E-4	0.0098
2158.821	9.15739E-4	0.00875
2160.327	7.02541E-4	0.00872
2161.833	6.88079E-4	0.00891
2163.339	8.23156E-4	0.00837
2164.845	2.27845E-4	0.00954
2166.351	4.10825E-4	0.00825
2167.857	7.35105E-4	0.01034
2169.363	7.59983E-4	0.00878
2170.869	6.32276E-4	0.00837
2172.375	7.38394E-4	0.00842
2173.881	4.97719E-4	0.00848
2175.387	6.40578E-4	0.00857
2176.893	5.63706E-4	0.00898
2178.399	7.30463E-4	0.00862
2179.905	4.14363E-4	0.00774
2181.411	2.95959E-4	0.0083
2182.917	6.90406E-4	0.00914
2184.423	4.58993E-4	0.00957
2185.929	6.3296E-4	0.00931
2187.435	4.68766E-4	0.00916
2188.941	5.65427E-4	0.00863
2190.447	7.48646E-4	0.00895
2191.953	7.38042E-4	0.00855
2193.459	4.56428E-4	0.00926
2194.965	3.97425E-4	0.00847
2196.471	6.56751E-4	0.01051
2197.977	4.45607E-4	0.01152
2199.483	7.29227E-4	0.01145
2200.989	3.88015E-4	0.0119
2202.495	8.38232E-4	0.01107
2204.001	6.7478E-4	0.01118
2205.507	7.58654E-4	0.01261
2207.013	3.02171E-4	0.00956
2208.519	4.59383E-4	0.00948
2210.025	6.69355E-4	0.01071
2211.531	7.87892E-4	0.01061
2213.037	5.74295E-4	0.01033
2214.543	8.27445E-4	0.01033
2216.049	4.80927E-4	0.00992
2217.555	8.31334E-4	0.01005
2219.061	4.05779E-4	0.00925
2220.567	6.10145E-4	0.00938
2222.073	5.49459E-4	0.01028
2223.579	5.06023E-4	0.0106
2225.085	5.50924E-4	0.01057
2226.591	4.77152E-4	0.01123
2228.097	8.466E-4	0.01024
2229.603	4.89371E-4	0.01127
2231.109	6.77578E-4	0.01102
2232.615	4.48618E-4	0.01152
2234.121	6.97163E-4	0.01169
2235.627	7.91705E-4	0.01141
2237.133	5.12487E-4	0.01313
2238.639	8.06287E-4	0.0125
2240.145	0.00104	0.01365
2241.651	7.89135E-4	0.01313
2243.157	0.00106	0.01313
2244.663	7.14407E-4	0.01402
2246.169	9.10406E-4	0.01418
2247.675	8.8255E-4	0.01391
2249.181	6.85737E-4	0.01607
2250.687	0.00115	0.01415
2252.193	0.00104	0.01641
2253.699	0.00121	0.01449
2255.205	9.08525E-4	0.01736
2256.712	0.00109	0.01626
2258.218	9.08092E-4	0.01785
2259.724	0.00192	0.01726
2261.23	7.46789E-4	0.01769
2262.736	0.00207	0.02427
2264.242	0.00161	0.02663
2265.748	0.00187	0.02315
2267.254	0.00147	0.01955
2268.76	0.00139	0.02034
2270.266	0.00169	0.02074
2271.772	0.00151	0.0215
2273.278	0.00136	0.02032
2274.784	0.00114	0.02078
2276.29	0.00176	0.02188
2277.796	0.00166	0.01921
2279.302	0.00118	0.02031
2280.808	0.00243	0.02342
2282.314	0.00284	0.02504
2283.82	0.00212	0.02636
2285.326	0.0023	0.02621
2286.832	0.00334	0.02932
2288.338	0.00395	0.03095
2289.844	0.00378	0.03221
2291.35	0.00397	0.03447
2292.856	0.00476	0.03678
2294.362	0.00515	0.04011
2295.868	0.005	0.04319
2297.374	0.00616	0.04677
2298.88	0.00594	0.04933
2300.386	0.00701	0.05153
2301.892	0.00585	0.05373
2303.398	0.00833	0.06024
2304.904	0.00824	0.05493
2306.41	0.00771	--
2307.916	0.00875	0.06347
2309.422	0.00853	0.0616
2310.928	0.00762	0.06159
2312.434	0.00755	0.06452
2313.94	0.0086	0.06668
2315.446	0.00857	0.06711
2316.952	0.00851	0.06539
2318.458	0.00881	0.06031
2319.964	0.00898	0.06511
2321.47	0.00821	0.06136
2322.976	0.00922	0.05907
2324.482	0.00872	0.05608
2325.988	0.00782	0.05679
2327.494	0.00721	0.05302
2329	0.0059	0.05724
2330.506	0.00678	0.05416
2332.012	0.00669	0.05489
2333.518	0.00637	0.0542
2335.024	0.00656	0.05127
2336.53	0.00627	0.05577
2338.036	0.00421	0.05633
2339.542	0.00477	0.05548
2341.048	0.00449	0.05352
2342.554	0.00445	0.05182
2344.06	0.00489	0.06906
2345.566	0.00513	0.07704
2347.072	0.00483	0.06822
2348.578	0.00381	0.06323
2350.084	0.00248	0.06168
2351.59	0.00266	0.0614
2353.096	0.00311	0.06282
2354.602	0.00259	0.06293
2356.108	0.00243	0.0636
2357.614	0.00303	0.06313
2359.12	0.00208	0.06105
2360.626	0.00186	0.05783
2362.132	0.00166	0.05894
2363.638	0.00143	0.06357
2365.144	0.00245	0.0598
2366.65	0.00162	0.0565
2368.156	0.00139	0.05332
2369.662	0.0014	0.05416
2371.168	0.00141	0.0557
2372.674	0.00165	0.05283
2374.18	9.24732E-4	0.05176
2375.686	0.00143	0.05146
2377.192	8.23701E-4	0.04955
2378.698	0.00197	0.04758
2380.204	4.96741E-4	0.04902
2381.71	7.28172E-4	0.04601
2383.216	0.00113	0.0446
2384.722	0.00129	0.04262
2386.228	8.75983E-4	0.04165
2387.734	7.43595E-4	0.04321
2389.24	6.87969E-4	0.04014
2390.746	5.56579E-4	0.03834
2392.252	7.89937E-4	0.03587
2393.758	4.57942E-4	0.0387
2395.264	5.85547E-4	0.03404
2396.77	6.74107E-4	0.03481
2398.276	7.21001E-4	0.03594
2399.782	8.54419E-4	0.03469
2401.288	4.5229E-4	0.03312
2402.794	6.74137E-4	0.03335
2404.3	4.05497E-4	0.02941
2405.806	3.95655E-4	0.03091
2407.312	4.6061E-4	0.03148
2408.818	9.25245E-4	0.03196
2410.324	7.30857E-4	0.02947
2411.83	5.16533E-4	0.0289
2413.336	2.7959E-4	0.0309
2414.842	3.94541E-4	0.02872
2416.348	5.1101E-4	0.02973
2417.854	4.49344E-4	0.02502
2419.36	4.44165E-4	0.02802
2420.866	6.18682E-4	0.02566
2422.373	4.03814E-4	0.02589
2423.879	5.12231E-4	0.02572
2425.385	5.95426E-4	0.02744
2426.891	4.03777E-4	0.02579
2428.397	2.83257E-4	0.02413
2429.903	2.92164E-4	0.02512
2431.409	5.22164E-4	0.02298
2432.915	6.26089E-4	0.02343
2434.421	9.19928E-4	0.02283
2435.927	6.38142E-4	0.02245
2437.433	3.57154E-4	0.02252
2438.939	3.39471E-4	0.02207
2440.445	5.1587E-4	0.02387
2441.951	5.02139E-4	0.02155
2443.457	3.35186E-4	0.02264
2444.963	3.41029E-4	0.02071
2446.469	3.37083E-4	0.02311
2447.975	3.84283E-4	0.02358
2449.481	1.15607E-4	0.02162
2450.987	6.364E-4	0.02242
2452.493	4.40506E-4	0.0219
2453.999	3.3391E-4	0.02034
2455.505	3.86832E-4	0.02107
2457.011	2.82598E-4	0.02127
2458.517	1.70398E-4	0.02135
2460.023	4.97015E-4	0.01889
2461.529	5.12068E-4	0.02189
2463.035	4.79318E-4	0.0201
2464.541	2.90057E-4	0.02124
2466.047	4.62216E-4	0.01974
2467.553	2.31675E-4	0.02131
2469.059	1.64754E-4	0.02061
2470.565	4.05779E-4	0.01967
2472.071	2.27234E-4	0.02047
2473.577	2.88972E-4	0.02015
2475.083	2.24153E-4	0.01845
2476.589	2.86299E-4	0.01836
2478.095	4.42612E-4	0.0194
2479.601	2.80544E-4	0.01769
2481.107	2.78674E-4	0.01762
2482.613	5.83185E-4	0.01812
2484.119	6.66145E-4	0.0203
2485.625	5.08746E-4	0.01759
2487.131	4.46944E-4	0.01886
2488.637	6.86914E-4	0.02029
2490.143	3.98928E-4	0.01793
2491.649	2.91321E-4	0.01786
2493.155	3.3846E-4	0.01727
2494.661	5.12289E-4	0.01877
2496.167	1.67559E-4	0.01775
2497.673	4.61119E-4	0.01657
2499.179	2.33219E-4	0.01879
2500.685	2.29844E-4	0.01885
2502.191	8.13501E-4	0.01962
2503.697	5.48063E-4	0.02097
2505.203	3.51764E-4	0.01868
2506.709	4.18811E-4	0.02
2508.215	3.37703E-4	0.02159
2509.721	7.18784E-4	0.02205
2511.227	5.77193E-4	0.02077
2512.733	4.81832E-4	0.02064
2514.239	3.10777E-4	0.01869
2515.745	1.16689E-4	0.01899
2517.251	2.29065E-4	0.01826
2518.757	1.16309E-4	0.01728
2520.263	3.62456E-4	0.01807
2521.769	2.28997E-4	0.01882
2523.275	1.68659E-4	0.0161
2524.781	3.95924E-4	0.01613
2526.287	2.28898E-4	0.01617
2527.793	5.31821E-4	0.02001
2529.299	1.71246E-4	0.01637
2530.805	3.46086E-4	0.01869
2532.311	1.69123E-4	0.01719
2533.817	2.87728E-4	0.01742
2535.323	3.4286E-4	0.01522
2536.829	3.94656E-4	0.01663
2538.335	2.30879E-4	0.01664
2539.841	1.12391E-4	0.01588
2541.347	2.32019E-4	0.01497
2542.853	2.81605E-4	0.01509
2544.359	2.27379E-4	0.01629
2545.865	4.68349E-4	0.01469
2547.371	2.79602E-4	0.01443
2548.877	2.24541E-4	0.01631
2550.383	2.73216E-4	0.016
2551.889	1.65957E-4	0.01564
2553.395	4.9628E-4	0.01585
2554.901	4.85128E-4	0.01472
2556.407	4.54778E-4	0.01425
2557.913	3.88964E-4	0.01457
2559.419	2.88259E-4	0.01398
2560.925	3.91724E-4	0.01473
2562.431	3.88757E-4	0.0145
2563.937	2.22701E-4	0.01432
2565.443	2.23492E-4	0.01368
2566.949	3.86695E-4	0.01379
2568.455	2.26775E-4	0.01471
2569.961	3.89475E-4	0.01465
2571.467	1.69789E-4	0.01522
2572.973	5.62527E-4	0.01415
2574.479	1.10314E-4	0.01346
2575.985	1.663E-4	0.01395
2577.491	3.94906E-4	0.01421
2578.997	3.38139E-4	0.01322
2580.503	4.96587E-4	0.0131
2582.009	4.39906E-4	0.0151
2583.515	3.30562E-4	0.01466
2585.021	1.14175E-4	0.01348
2586.528	1.1098E-4	0.01399
2588.034	3.85189E-4	0.01241
2589.54	3.31277E-4	0.01475
2591.046	1.71145E-4	0.01383
2592.552	3.28563E-4	0.01347
2594.058	1.6426E-4	0.01363
2595.564	5.6321E-5	0.01556
2597.07	1.68712E-4	0.01257
2598.576	4.98369E-4	0.0142
2600.082	4.00287E-4	0.0144
2601.588	6.20804E-4	0.01472
2603.094	2.21335E-4	0.01459
2604.6	2.76266E-4	0.01291
2606.106	2.2283E-4	0.01522
2607.612	3.35944E-4	0.01311
2609.118	5.62666E-4	0.01407
2610.624	5.70665E-4	0.01543
2612.13	2.93694E-4	0.01433
2613.636	2.77351E-4	0.01476
2615.142	1.14959E-4	0.01422
2616.648	1.73748E-4	0.01482
2618.154	1.70747E-4	0.01429
2619.66	4.00306E-4	0.01329
2621.166	2.89179E-4	0.01407
2622.672	2.26211E-4	0.01398
2624.178	2.86142E-4	0.01422
2625.684	3.33791E-4	0.01334
2627.19	3.35268E-4	0.01498
2628.696	2.37267E-4	0.01593
2630.202	4.12966E-4	0.01655
2631.708	2.89005E-4	0.01283
2633.214	4.05357E-4	0.0141
2634.72	4.58625E-4	0.01448
2636.226	3.51558E-4	0.01393
2637.732	2.32764E-4	0.01478
2639.238	3.58732E-4	0.01445
2640.744	2.31831E-4	0.01262
2642.25	1.67927E-4	0.01381
2643.756	2.26421E-4	0.01361
2645.262	3.35966E-4	0.01484
2646.768	1.75623E-4	0.01473
2648.274	6.10354E-4	0.01756
2649.78	0.00168	0.01758
2651.286	5.65449E-4	0.01776
2652.792	2.9196E-4	0.01625
2654.298	2.26539E-4	0.01298
2655.804	4.47985E-4	0.01406
2657.31	1.66569E-4	0.01436
2658.816	4.51453E-4	0.01323
2660.322	2.22984E-4	0.01271
2661.828	3.51402E-4	0.01417
2663.334	2.88033E-4	0.01384
2664.84	3.95942E-4	0.01354
2666.346	3.55437E-4	0.01259
2667.852	1.15477E-4	0.01214
2669.358	1.69877E-4	0.01329
2670.864	2.29976E-4	0.01337
2672.37	2.85495E-4	0.01194
2673.876	4.05169E-4	0.01496
2675.382	1.72075E-4	0.01408
2676.888	4.08068E-4	0.01327
2678.394	2.31804E-4	0.01333
2679.9	1.71866E-4	0.01427
2681.406	3.95816E-4	0.01348
2682.912	2.29081E-4	0.01475
2684.418	1.73047E-4	0.01235
2685.924	3.42266E-4	0.01391
2687.43	2.23262E-4	0.01377
2688.936	4.04635E-4	0.01399
2690.442	3.46526E-4	0.01473
2691.948	2.22894E-4	0.01127
2693.454	3.5164E-4	0.01293
2694.96	3.46342E-4	0.01293
2696.466	3.47344E-4	0.01308
2697.972	1.73383E-4	0.01398
2699.478	2.84877E-4	0.01187
2700.984	2.89574E-4	0.01369
2702.49	1.73612E-4	0.01238
2703.996	1.69047E-4	0.01234
2705.502	1.76548E-4	0.01252
2707.008	2.34405E-4	0.01156
2708.514	2.85157E-4	0.0134
2710.02	2.84631E-4	0.01286
2711.526	2.74965E-4	0.01173
2713.032	1.73531E-4	0.01388
2714.538	3.342E-4	0.01317
2716.044	2.9291E-4	0.01289
2717.55	4.6334E-4	0.01279
2719.056	2.95798E-4	0.01402
2720.562	2.92308E-4	0.01337
2722.068	3.32791E-4	0.01177
2723.574	2.91104E-4	0.01417
2725.08	2.84178E-4	0.01276
2726.586	1.69981E-4	0.01177
2728.092	3.49333E-4	0.01324
2729.598	2.8556E-4	0.01207
2731.104	3.34588E-4	0.01201
2732.61	2.26837E-4	0.01206
2734.116	4.00443E-4	0.01323
2735.622	4.73356E-4	0.01292
2737.128	1.15519E-4	0.01213
2738.634	1.20108E-4	0.01248
2740.14	3.57937E-4	0.01391
2741.646	3.06793E-4	0.014
2743.152	5.38176E-4	0.01264
2744.658	1.23819E-4	0.01425
2746.164	4.26624E-4	0.01387
2747.67	1.78513E-4	0.01589
2749.176	4.06608E-4	0.01464
2750.682	1.82195E-4	0.0155
2752.189	5.82519E-5	0.01279
2753.695	2.88492E-4	0.01281
2755.201	1.78977E-4	0.01319
2756.707	4.15602E-4	0.01243
2758.213	2.95547E-4	0.01328
2759.719	5.31319E-4	0.01335
2761.225	2.32358E-4	0.0125
2762.731	4.04476E-4	0.01253
2764.237	4.60907E-4	0.0136
2765.743	1.69931E-4	0.01303
2767.249	1.77269E-4	0.01164
2768.755	1.67893E-4	0.01304
2770.261	1.1524E-4	0.01306
2771.767	2.36958E-4	0.01154
2773.273	2.89587E-4	0.01345
2774.779	2.20146E-4	0.01192
2776.285	1.13653E-4	0.01239
2777.791	2.79353E-4	0.0126
2779.297	1.14724E-4	0.01032
2780.803	2.30639E-4	0.01144
2782.309	4.57252E-4	0.01282
2783.815	2.91538E-4	0.0117
2785.321	2.83354E-4	0.01163
2786.827	1.13707E-4	0.0119
2788.333	2.82604E-4	0.01182
2789.839	2.87828E-4	0.01218
2791.345	2.88578E-4	0.01299
2792.851	1.13354E-4	0.01329
2794.357	2.25706E-4	0.01288
2795.863	1.1463E-4	0.01145
2797.369	1.14237E-4	0.01228
2798.875	4.02376E-4	0.01404
2800.381	1.67593E-4	0.01121
2801.887	3.35156E-4	0.01187
2803.393	3.96175E-4	0.01164
2804.899	1.67645E-4	0.0109
2806.405	5.04967E-4	0.01211
2807.911	3.96076E-4	0.01128
2809.417	1.6369E-4	0.01303
2810.923	3.91321E-4	0.01124
2812.429	5.59067E-5	0.0103
2813.935	3.31438E-4	0.01174
2815.441	5.05546E-4	0.01125
2816.947	2.23014E-4	0.01173
2818.453	2.32353E-4	0.01157
2819.959	3.96417E-4	0.01145
2821.465	1.16496E-4	0.01108
2822.971	2.20472E-4	0.01219