Time	Ir	Co
					
s	ng cm-2 s-1	ng cm-2 s-1
-51.5	9.87847E-5	1.10218E-5
-49.994	1.30601E-4	6.36841E-5
-48.488	3.02431E-4	3.24885E-4
-46.982	1.45848E-4	2.25213E-4
-45.476	9.75194E-5	2.03397E-4
-43.97	3.13508E-4	4.79918E-4
-42.464	2.00964E-4	2.93647E-4
-40.958	1.3362E-4	2.95833E-4
-39.452	1.03787E-4	2.66675E-4
-37.946	1.03364E-4	3.06265E-4
-36.44	2.52687E-4	3.8699E-4
-34.934	1.49091E-4	3.724E-4
-33.428	9.70914E-5	1.19042E-4
-31.922	1.19837E-4	2.97696E-4
-30.416	1.84271E-4	2.04009E-4
-28.91	8.32135E-5	1.39284E-4
-27.404	2.44596E-5	3.20628E-4
-25.898	2.45045E-4	0
-24.392	1.52034E-4	5.96363E-5
-22.886	7.17199E-5	2.00235E-4
-21.38	2.62175E-4	2.66911E-4
-19.874	1.68823E-4	2.04676E-4
-18.368	5.81437E-5	2.23686E-4
-16.862	1.71435E-4	3.63626E-4
-15.356	1.90006E-4	1.69429E-4
-13.85	8.10564E-5	1.86144E-4
-12.344	1.74906E-4	1.88034E-4
-10.838	1.96691E-4	1.67219E-4
-9.332	6.13734E-5	2.79678E-4
-7.826	2.43511E-4	1.39168E-4
-6.32	0	6.05425E-4
-4.814	1.27265E-4	2.06109E-4
-3.308	1.31969E-4	3.67231E-4
-1.802	1.07208E-4	7.84648E-5
-0.296	6.39476E-5	1.05512E-4
1.21	2.10095E-5	1.85488E-4
2.716	3.13668E-4	8.16683E-4
4.222	2.93636E-4	2.51727E-4
5.728	1.17797E-4	1.90613E-4
7.234	1.00747E-4	3.05979E-4
8.74	1.89047E-4	2.51032E-4
10.246	1.14593E-4	2.19802E-5
11.752	1.59372E-4	3.66659E-4
13.258	1.1366E-4	3.16114E-4
14.764	6.52901E-5	1.78621E-4
16.27	1.84808E-4	1.99524E-4
17.776	1.92561E-4	2.51487E-4
19.282	2.413E-5	1.16164E-4
20.788	1.39316E-4	2.12978E-5
22.294	4.67955E-5	5.82733E-5
23.8	1.72111E-4	6.15506E-4
25.306	8.50371E-5	8.73028E-5
26.812	8.89606E-5	1.30224E-4
28.318	1.12784E-4	0.02848
29.824	3.40996E-4	0.83611
31.33	8.95014E-4	1.98325
32.836	0.00142	2.80542
34.342	0.00199	3.35582
35.848	0.00197	3.43373
37.354	0.0022	3.54683
38.86	0.00247	3.78227
40.366	0.00294	3.94634
41.872	0.00298	4.0371
43.378	0.00297	3.96938
44.884	0.00287	4.00167
46.39	0.00344	4.1186
47.896	0.00342	4.29233
49.402	0.00398	4.10845
50.908	0.00316	4.01499
52.414	0.00405	3.84043
53.92	0.0037	3.70774
55.426	0.0038	3.37426
56.932	0.00366	3.40205
58.438	0.00437	3.23128
59.944	0.00345	3.25731
61.45	0.00316	2.82955
62.956	0.00361	2.72848
64.462	0.00304	2.53437
65.968	0.00319	2.3798
67.474	0.00308	2.22644
68.98	0.00288	2.28535
70.486	0.00345	2.10774
71.992	0.00234	1.78636
73.498	0.00271	1.54457
75.004	0.00171	1.42991
76.51	0.00236	1.30241
78.016	0.00197	1.10489
79.522	0.00189	1.00915
81.028	0.00165	0.93327
82.534	0.00158	0.85311
84.04	0.00199	0.80949
85.546	0.00171	0.73929
87.052	0.00127	0.67873
88.558	0.0011	0.61317
90.064	9.09475E-4	0.56853
91.57	9.53209E-4	0.52545
93.076	9.63505E-4	0.48124
94.582	9.3621E-4	0.45342
96.088	7.4381E-4	0.4046
97.594	7.89281E-4	0.40275
99.1	0.00107	0.36134
100.606	7.04466E-4	0.34921
102.112	7.37967E-4	0.33768
103.618	7.08702E-4	0.31721
105.124	7.74111E-4	0.29225
106.63	5.04337E-4	0.29752
108.136	8.23321E-4	0.27899
109.642	4.82793E-4	0.27477
111.148	5.77372E-4	0.27747
112.655	6.82649E-4	0.25825
114.161	5.11049E-4	0.2607
115.667	4.86239E-4	0.25495
117.173	7.0331E-4	0.24175
118.679	8.40616E-4	0.22915
120.185	5.49656E-4	0.22459
121.691	6.08824E-4	0.22421
123.197	6.89508E-4	0.22355
124.703	5.30727E-4	0.21293
126.209	8.25937E-4	0.21184
127.715	5.27329E-4	0.20139
129.221	6.34736E-4	0.19337
130.727	5.86605E-4	0.18699
132.233	4.53861E-4	0.17936
133.739	5.64986E-4	0.17048
135.245	6.89874E-4	0.16714
136.751	5.68118E-4	0.1712
138.257	2.9649E-4	0.16064
139.763	4.81976E-4	0.1638
141.269	4.48676E-4	0.15814
142.775	3.61861E-4	0.16106
144.281	5.02114E-4	0.15217
145.787	4.2269E-4	0.15205
147.293	4.20129E-4	0.14504
148.799	3.00684E-4	0.14253
150.305	5.12413E-4	0.14246
151.811	1.70671E-4	0.14683
153.317	5.03714E-4	0.14091
154.823	4.62544E-4	0.13631
156.329	3.6387E-4	0.13853
157.835	5.60943E-4	0.13643
159.341	4.38595E-4	0.13318
160.847	5.24202E-4	0.1288
162.353	4.50369E-4	0.12635
163.859	3.94154E-4	0.12427
165.365	4.35429E-4	0.12073
166.871	1.30963E-4	0.1191
168.377	4.31243E-4	0.11882
169.883	3.06768E-4	0.12143
171.389	7.29391E-4	0.10995
172.895	4.90013E-4	0.11806
174.401	4.9416E-4	0.11558
175.907	2.41998E-4	0.10997
177.413	4.37633E-4	0.11144
178.919	3.22324E-4	0.10956
180.425	3.87143E-4	0.11172
181.931	2.59539E-4	0.11774
183.437	5.15837E-4	0.12161
184.943	4.52705E-4	0.13044
186.449	7.67852E-4	0.15145
187.955	5.69678E-4	0.16124
189.461	1.316E-4	0.18393
190.967	3.21028E-4	0.21094
192.473	7.34467E-4	0.24111
193.979	9.36452E-4	0.27769
195.485	8.21348E-4	0.31459
196.991	7.37997E-4	0.33952
198.497	8.47962E-4	0.37421
200.003	9.38113E-4	0.38753
201.509	0.00127	0.41939
203.015	9.46382E-4	0.43436
204.521	9.13436E-4	0.49287
206.027	0.00107	0.50377
207.533	9.65437E-4	0.54341
209.039	0.0012	0.54901
210.545	0.00164	0.54209
212.051	0.00151	0.56171
213.557	0.00122	0.58565
215.063	0.00122	0.59244
216.569	0.00118	0.57883
218.075	0.00129	0.5604
219.581	0.00135	0.5514
221.087	0.00116	0.49535
222.593	9.66431E-4	0.49198
224.099	0.00144	0.47442
225.605	0.00131	0.48605
227.111	0.0011	0.46807
228.617	0.00115	0.46425
230.123	8.6142E-4	0.42402
231.629	0.00116	0.41567
233.135	0.00108	0.388
234.641	9.23061E-4	0.39216
236.147	0.00103	0.36031
237.653	9.30829E-4	0.33968
239.159	0.00125	0.32525
240.665	7.94E-4	0.3171
242.171	9.70295E-4	0.30142
243.677	9.63645E-4	0.30483
245.183	9.78438E-4	0.2891
246.689	6.87846E-4	0.28631
248.195	7.78724E-4	0.27239
249.701	6.94839E-4	0.26303
251.207	0.00101	0.25361
252.713	8.30952E-4	0.2536
254.219	6.60975E-4	0.25215
255.725	6.5114E-4	0.24692
257.231	8.936E-4	0.24052
258.737	9.55175E-4	0.25627
260.243	9.7883E-4	0.23603
261.749	6.26256E-4	0.25757
263.255	5.55559E-4	0.2598
264.761	7.67334E-4	0.25915
266.267	6.30144E-4	0.24507
267.773	5.87198E-4	0.23935
269.279	6.3435E-4	0.25033
270.785	7.6441E-4	0.24157
272.291	9.33984E-4	0.24799
273.797	7.40329E-4	0.24234
275.303	5.84956E-4	0.24376
276.809	5.98863E-4	0.23601
278.316	6.5389E-4	0.23269
279.822	8.42533E-4	0.21937
281.328	4.5244E-4	0.22193
282.834	8.50846E-4	0.21989
284.34	7.71764E-4	0.22219
285.846	3.79234E-4	0.21242
287.352	5.62272E-4	0.20578
288.858	6.97271E-4	0.19616
290.364	5.9737E-4	0.19356
291.87	3.78987E-4	0.19253
293.376	6.31225E-4	0.17709
294.882	5.28678E-4	0.17825
296.388	3.22875E-4	0.17375
297.894	4.24105E-4	0.1685
299.4	5.40892E-4	0.1715
300.906	4.23828E-4	0.15551
302.412	4.29075E-4	0.15835
303.918	4.52148E-4	0.14991
305.424	4.88817E-4	0.14587
306.93	4.53737E-4	0.13905
308.436	4.15622E-4	0.13766
309.942	4.35485E-4	0.13532
311.448	3.28413E-4	0.13202
312.954	3.5833E-4	0.1362
314.46	1.29612E-4	0.11963
315.966	4.82152E-4	0.12211
317.472	5.15665E-4	0.11773
318.978	6.18388E-4	0.11444
320.484	3.80625E-4	0.10914
321.99	5.04381E-4	0.10836
323.496	6.46384E-4	0.10558
325.002	3.48464E-4	0.09911
326.508	5.79858E-4	0.10589
328.014	4.32048E-4	0.10582
329.52	4.9762E-4	0.11246
331.026	5.04994E-4	0.09791
332.532	4.08539E-4	0.09629
334.038	3.97492E-4	0.09559
335.544	6.17881E-4	0.09274
337.05	3.33841E-4	0.09339
338.556	2.59338E-4	0.09421
340.062	3.37388E-4	0.09213
341.568	3.27331E-4	0.08919
343.074	2.56058E-4	0.08249
344.58	3.15713E-4	0.0778
346.086	3.94874E-4	0.08643
347.592	3.66585E-4	0.08573
349.098	2.94953E-4	0.0819
350.604	2.93921E-4	0.07932
352.11	4.17509E-4	0.08046
353.616	4.28555E-4	0.07714
355.122	5.44991E-4	0.07491
356.628	2.04661E-4	0.0764
358.134	2.28561E-4	0.07409
359.64	2.26849E-4	0.07051
361.146	3.6359E-4	0.07198
362.652	4.17943E-4	0.07058
364.158	4.89136E-4	0.07343
365.664	3.69694E-4	0.06607
367.17	2.69389E-4	0.06646
368.676	2.98713E-4	0.06532
370.182	2.29064E-4	0.06547
371.688	2.27697E-4	0.06254
373.194	5.94117E-4	0.06376
374.7	2.6874E-4	0.06233
376.206	4.55395E-4	0.06257
377.712	4.27427E-4	0.06823
379.218	6.3109E-4	0.06149
380.724	3.33381E-4	0.06434
382.23	2.64638E-4	0.06252
383.736	4.07832E-4	0.05983
385.242	3.65367E-4	0.06037
386.748	3.28031E-4	0.06086
388.254	1.62348E-4	0.06008
389.76	3.96373E-4	0.06259
391.266	5.27834E-4	0.05936
392.772	6.21852E-4	0.06386
394.278	3.60994E-4	0.06067
395.784	4.63731E-4	0.0609
397.29	3.96627E-4	0.06514
398.796	3.32017E-4	0.06638
400.302	4.27381E-4	0.06559
401.808	3.9842E-4	0.06344
403.314	1.97106E-4	0.06582
404.82	2.91432E-4	0.06682
406.326	3.43163E-4	0.06536
407.832	4.50757E-4	0.06557
409.338	2.86909E-4	0.05928
410.844	2.19464E-4	0.0574
412.35	2.55025E-4	0.05592
413.856	5.73889E-4	0.05728
415.362	1.93378E-4	0.06056
416.868	5.49254E-4	0.05941
418.374	3.23151E-4	0.06093
419.88	4.47454E-4	0.05788
421.386	4.51997E-4	0.05888
422.892	5.16536E-4	0.05966
424.398	2.66791E-4	0.06001
425.904	4.06015E-4	0.06606
427.41	2.95616E-4	0.06182
428.916	6.91002E-4	0.0614
430.422	2.59029E-4	0.0572
431.928	3.51949E-4	0.05945
433.434	3.26737E-4	0.05851
434.94	2.96805E-4	0.05891
436.446	2.60215E-4	0.05943
437.952	4.67591E-4	0.05763
439.458	3.51985E-4	0.05642
440.964	2.99181E-4	0.05865
442.471	3.62361E-4	0.05694
443.977	3.88446E-4	0.05352
445.483	3.59055E-4	0.05242
446.989	3.90807E-4	0.05273
448.495	3.63032E-4	0.05146
450.001	4.19878E-4	0.0484
451.507	2.28047E-4	0.04909
453.013	2.9268E-4	0.04762
454.519	2.54464E-4	0.05115
456.025	4.00127E-4	0.04689
457.531	5.27295E-4	0.04931
459.037	3.29678E-4	0.04705
460.543	2.26598E-4	0.04606
462.049	3.71613E-4	0.04722
463.555	3.90429E-4	0.04611
465.061	3.90339E-4	0.04476
466.567	1.32262E-4	0.04472
468.073	3.59502E-4	0.04363
469.579	2.94517E-4	0.04354
471.085	3.00224E-4	0.04312
472.591	2.9642E-4	0.04163
474.097	4.30764E-4	0.04417
475.603	4.16498E-4	0.0452
477.109	5.19927E-4	0.05513
478.615	4.82154E-4	0.05216
480.121	3.42473E-4	0.04449
481.627	1.36455E-4	0.04242
483.133	2.57099E-4	0.04215
484.639	6.45737E-4	0.03913
486.145	4.70153E-4	0.04188
487.651	2.64909E-4	0.04122
489.157	4.09213E-4	0.04043
490.663	2.29962E-4	0.03934
492.169	2.94082E-4	0.03862
493.675	1.9419E-4	0.04144
495.181	2.91128E-4	0.03963
496.687	2.29006E-4	0.04017
498.193	4.48565E-4	0.03931
499.699	5.28205E-4	0.0407
501.205	2.26111E-4	0.04003
502.711	5.24916E-4	0.04076
504.217	3.32973E-4	0.03869
505.723	3.21922E-4	0.03716
507.229	1.96249E-4	0.04068
508.735	2.63317E-4	0.04005
510.241	2.8856E-4	0.03986
511.747	3.38819E-4	0.0412
513.253	3.26276E-4	0.04192
514.759	5.35496E-4	0.04022
516.265	5.51717E-4	0.04065
517.771	3.59032E-4	0.03913
519.277	4.72395E-4	0.04145
520.783	1.33312E-4	0.04393
522.289	2.99315E-4	0.04203
523.795	2.22688E-4	0.04149
525.301	3.84222E-4	0.04143
526.807	2.59501E-4	0.04132
528.313	4.50223E-4	0.04064
529.819	5.10375E-4	0.04032
531.325	3.1865E-4	0.03924
532.831	5.52192E-4	0.03991
534.337	3.40031E-4	0.03584
535.843	3.71426E-4	0.03913
537.349	3.20868E-4	0.03665
538.855	2.27263E-4	0.03701
540.361	2.91786E-4	0.03608
541.867	2.56211E-4	0.03601
543.373	3.91325E-4	0.03577
544.879	3.92366E-4	0.03679
546.385	3.87168E-4	0.03447
547.891	3.57991E-4	0.03418
549.397	1.97173E-4	0.03342
550.903	4.26919E-4	0.03231
552.409	4.54889E-4	0.03293
553.915	5.08641E-4	0.03254
555.421	3.67796E-4	0.03185
556.927	5.94903E-4	0.03213
558.433	4.72036E-4	0.0302
559.939	4.28363E-4	0.02826
561.445	5.53178E-4	0.03025
562.951	4.98924E-4	0.03029
564.457	2.97947E-4	0.02866
565.963	3.03716E-4	0.02799
567.469	3.32708E-4	0.02923
568.975	7.283E-4	0.02838
570.481	6.32486E-4	0.02639
571.987	7.53142E-4	0.02645
573.493	7.43924E-4	0.02628
574.999	6.28986E-4	0.02541
576.505	8.03714E-4	0.02532
578.011	7.65839E-4	0.02564
579.517	4.59214E-4	0.02613
581.023	8.38603E-4	0.02894
582.529	6.68158E-4	0.02615
584.035	8.25304E-4	0.02532
585.541	6.57943E-4	0.02884
587.047	7.00087E-4	0.0271
588.553	5.28126E-4	0.02731
590.059	7.69718E-4	0.02635
591.565	4.69086E-4	0.02505
593.071	6.61144E-4	0.0248
594.577	6.67324E-4	0.0278
596.083	4.3731E-4	0.02671
597.589	3.60628E-4	0.0257
599.095	6.49747E-4	0.02757
600.601	3.65501E-4	0.02529
602.107	4.95953E-4	0.02696
603.613	3.95185E-4	0.02931
605.119	6.60186E-4	0.02958
606.625	6.96744E-4	0.02969
608.132	5.9274E-4	0.03229
609.638	5.31125E-4	0.03281
611.144	3.9418E-4	0.03482
612.65	3.64906E-4	0.03695
614.156	5.03212E-4	0.03764
615.662	4.13998E-4	0.036
617.168	3.89765E-4	0.02802
618.674	5.17176E-4	0.03739
620.18	6.5681E-4	0.04772
621.686	3.56627E-4	0.05306
623.192	3.80321E-4	0.05373
624.698	6.28342E-4	0.05758
626.204	4.29258E-4	0.05807
627.71	4.18099E-4	0.06153
629.216	3.33166E-4	0.0613
630.722	7.16163E-4	0.0656
632.228	4.28318E-4	0.06742
633.734	4.44682E-4	0.06941
635.24	2.66722E-4	0.06948
636.746	5.61062E-4	0.07317
638.252	2.85884E-4	0.07205
639.758	4.60834E-4	0.07054
641.264	2.27568E-4	0.07557
642.77	2.97235E-4	0.07351
644.276	4.19615E-4	0.07233
645.782	5.66213E-4	0.07473
647.288	2.91517E-4	0.07387
648.794	3.19518E-4	0.07085
650.3	4.28682E-4	0.07215
651.806	3.69286E-4	0.06653
653.312	2.67748E-4	0.06851
654.818	2.27254E-4	0.06738
656.324	3.88706E-4	0.06605
657.83	5.66055E-4	0.06346
659.336	4.16982E-4	0.06006
660.842	2.64989E-4	0.05723
662.348	2.29992E-4	0.06236
663.854	4.78832E-4	0.0559
665.36	4.3405E-4	0.0557
666.866	2.61445E-4	0.05175
668.372	2.2969E-4	0.05019
669.878	5.997E-4	0.05406
671.384	3.97815E-4	0.05064
672.89	1.95186E-4	0.049
674.396	1.94328E-4	0.04775
675.902	3.98096E-4	0.04849
677.408	2.66688E-4	0.04634
678.914	1.93773E-4	0.0429
680.42	4.37928E-4	0.04454
681.926	2.05925E-4	0.04259
683.432	3.27635E-4	0.04049
684.938	5.14936E-4	0.04103
686.444	2.34578E-4	0.04128
687.95	2.02844E-4	0.03852
689.456	3.5589E-4	0.03543
690.962	3.99972E-4	0.03793
692.468	4.26639E-4	0.03961
693.974	2.22986E-4	0.03901
695.48	2.305E-4	0.03659
696.986	2.92791E-4	0.03827
698.492	3.90782E-4	0.03663
699.998	1.34557E-4	0.03629
701.504	2.35566E-4	0.03552
703.01	1.98385E-4	0.03611
704.516	2.30569E-4	0.03387
706.022	4.81992E-4	0.03497
707.528	4.27001E-4	0.03297
709.034	2.94299E-4	0.0314
710.54	2.91359E-4	0.033
712.046	1.31021E-4	0.03099
713.552	3.28978E-4	0.03097
715.058	2.60368E-4	0.03131
716.564	2.67338E-4	0.02996
718.07	2.33407E-4	0.03019
719.576	1.94475E-4	0.03116
721.082	2.94984E-4	0.02984
722.588	2.70246E-4	0.02963
724.094	2.31801E-4	0.02766
725.6	1.33577E-4	0.02989
727.106	2.33603E-4	0.02928
728.612	3.99293E-4	0.028
730.118	1.96802E-4	0.02709
731.624	4.76719E-4	0.02594
733.13	2.01734E-4	0.02636
734.636	3.93779E-4	0.02748
736.142	2.96925E-4	0.02738
737.648	2.62419E-4	0.02737
739.154	2.66275E-4	0.02772
740.66	2.2418E-4	0.02783
742.166	1.95448E-4	0.02748
743.672	3.83292E-4	0.0269
745.178	1.64081E-4	0.02611
746.684	3.04624E-4	0.02612
748.19	3.79886E-4	0.02642
749.696	3.5463E-4	0.02588
751.202	3.63087E-4	0.02611
752.708	3.25521E-4	0.0247
754.214	3.28344E-4	0.02409
755.72	3.54729E-4	0.02448
757.226	2.6123E-4	0.02438
758.732	1.98415E-4	0.02403
760.238	2.70246E-4	0.02608
761.744	2.02239E-4	0.02424
763.25	2.64108E-4	0.02371
764.756	3.97118E-4	0.02387
766.262	2.60444E-4	0.02416
767.768	4.45382E-4	0.02309
769.274	2.02116E-4	0.02228
770.78	1.32841E-4	0.024
772.287	2.57169E-4	0.0217
773.793	3.29118E-4	0.02166
775.299	2.31479E-4	0.02467
776.805	2.57463E-4	0.02144
778.311	2.72318E-4	0.02243
779.817	1.65618E-4	0.02223
781.323	2.05171E-4	0.02333
782.829	1.96054E-4	0.02217
784.335	2.65278E-4	0.0226
785.841	3.62739E-4	0.02082
787.347	9.75027E-5	0.02246
788.853	3.2274E-4	0.02263
790.359	3.27275E-4	0.02292
791.865	1.65459E-4	0.02243
793.371	2.41449E-4	0.02225
794.877	6.67351E-5	0.02287
796.383	2.98834E-4	0.02191
797.889	3.71159E-4	0.02192
799.395	1.65536E-4	0.02328
800.901	1.99642E-4	0.02304
802.407	3.29994E-4	0.02285
803.913	2.94088E-4	0.02265
805.419	2.98061E-4	0.02263
806.925	1.98068E-4	0.02001
808.431	4.6376E-4	0.02111
809.937	2.28253E-4	0.02091
811.443	4.80716E-4	0.02003
812.949	1.61384E-4	0.02206
814.455	3.93896E-4	0.02
815.961	1.98818E-4	0.02204
817.467	1.93572E-4	0.01972
818.973	5.60776E-4	0.02148
820.479	2.57822E-4	0.02114
821.985	4.07037E-4	0.02086
823.491	1.32812E-4	0.02031
824.997	3.22404E-4	0.01965
826.503	1.98098E-4	0.0197
828.009	3.6193E-4	0.01951
829.515	1.63506E-4	0.019
831.021	2.31989E-4	0.01876
832.527	1.96212E-4	0.0187
834.033	1.94333E-4	0.0189
835.539	2.35428E-4	0.0198
837.045	3.34374E-4	0.01932
838.551	1.3302E-4	0.02006
840.057	3.28128E-4	0.01822
841.563	2.99972E-4	0.02129
843.069	2.58888E-4	0.02189
844.575	2.02406E-4	0.01983
846.081	3.3509E-5	0.01995
847.587	3.31605E-4	0.01911
849.093	2.9817E-4	0.01943
850.599	2.60867E-4	0.01832
852.105	3.80547E-4	0.02023
853.611	3.33913E-4	0.01924
855.117	2.60653E-4	0.02029
856.623	2.90854E-4	0.01939
858.129	2.94398E-4	0.01743
859.635	1.93262E-4	0.01912
861.141	3.87039E-4	0.01892
862.647	3.37315E-4	0.0178
864.153	2.31553E-4	0.01907
865.659	3.27255E-4	0.01722
867.165	3.65446E-4	0.01809
868.671	3.34252E-4	0.018
870.177	1.97048E-4	0.0179
871.683	2.63681E-4	0.01797
873.189	2.15192E-4	0.0155
874.695	1.54153E-4	0.01679
876.201	1.8985E-4	0.01653
877.707	2.161E-4	0.02177
879.213	3.11502E-4	0.02062
880.719	2.69529E-4	0.02042
882.225	2.94915E-4	0.01728
883.731	1.98525E-4	0.01626
885.237	2.58311E-4	0.01904
886.743	2.60384E-4	0.01723
888.249	3.02753E-4	0.01823
889.755	9.848E-5	0.01813
891.261	2.64587E-4	0.01878
892.767	2.64046E-4	0.01859
894.273	1.63859E-4	0.01885
895.779	2.96856E-4	0.02023
897.285	3.65681E-4	0.0197
898.791	3.54468E-4	0.01837
900.297	3.26193E-4	0.01915
901.803	2.65443E-4	0.01727
903.309	3.31704E-4	0.01667
904.815	9.82988E-5	0.01801
906.321	3.20211E-4	0.01764
907.827	2.58036E-4	0.01676
909.333	3.32401E-4	0.01698
910.839	3.99087E-4	0.01787
912.345	2.59686E-4	0.01652
913.851	3.43475E-4	0.01572
915.357	1.98627E-4	0.01822
916.863	4.71605E-4	0.01869
918.369	4.06459E-4	0.01582
919.875	4.3808E-4	0.01514
921.381	4.6385E-4	0.01408
922.887	5.02071E-4	0.01458
924.393	3.70619E-4	0.01465
925.899	2.31084E-4	0.01341
927.405	4.05838E-4	0.01336
928.911	3.24682E-4	0.01272
930.417	3.69799E-4	0.01298
931.923	5.2135E-4	0.01128
933.429	2.67292E-4	0.01098
934.935	4.30221E-4	0.01022
936.441	4.65272E-4	0.01086
937.948	3.99387E-4	0.01039
939.454	3.19366E-4	0.01018
940.96	3.63148E-4	0.01071
942.466	3.72229E-4	0.01016
943.972	2.67188E-4	0.0104
945.478	4.4145E-4	0.00918
946.984	4.05741E-4	0.01013
948.49	5.35404E-4	0.00907
949.996	4.81562E-4	0.00916
951.502	4.95203E-4	0.00964
953.008	5.43335E-4	0.00857
954.514	4.53832E-4	0.00912
956.02	5.47291E-4	0.00886
957.526	3.36093E-4	0.00856
959.032	4.11604E-4	0.00793
960.538	3.04431E-4	0.00874
962.044	4.37244E-4	0.00942
963.55	3.7249E-4	0.00883
965.056	3.31747E-4	0.00893
966.562	3.36721E-4	0.00981
968.068	4.27182E-4	0.0107
969.574	3.5189E-4	0.01063
971.08	2.97959E-4	0.01289
972.586	2.94784E-4	0.01278
974.092	6.65118E-4	0.01408
975.598	3.20224E-4	0.01535
977.104	4.42682E-4	0.0171
978.61	4.48236E-4	0.01831
980.116	3.98378E-4	0.01882
981.622	4.01752E-4	0.02047
983.128	4.05007E-4	0.02195
984.634	2.69348E-4	0.02267
986.14	3.3876E-4	0.02565
987.646	3.62153E-4	0.02594
989.152	2.34563E-4	0.02747
990.658	4.23891E-4	0.02862
992.164	1.97878E-4	0.03037
993.67	3.29321E-4	0.03233
995.176	3.33181E-4	0.03203
996.682	5.35936E-4	0.03701
998.188	2.59419E-4	0.03888
999.694	3.94288E-4	0.03836
1001.2	2.77634E-4	0.03828
1002.706	3.36458E-4	0.03937
1004.212	2.0646E-4	0.03821
1005.718	4.35495E-4	0.03871
1007.224	3.97432E-4	0.03927
1008.73	3.71872E-4	0.0394
1010.236	2.67361E-4	0.0381
1011.742	1.34487E-4	0.03739
1013.248	2.6599E-4	0.03734
1014.754	2.65517E-4	0.03792
1016.26	3.99937E-4	0.03743
1017.766	2.62486E-4	0.03725
1019.272	1.66215E-4	0.0375
1020.778	3.37852E-4	0.03812
1022.284	3.01653E-4	0.03655
1023.79	1.61377E-4	0.03564
1025.296	2.36074E-4	0.03372
1026.802	3.05954E-4	0.03383
1028.308	4.0277E-4	0.03243
1029.814	2.67569E-4	0.03207
1031.32	3.41432E-4	0.03416
1032.826	1.72871E-4	0.03196
1034.332	2.3981E-4	0.03183
1035.838	3.74116E-4	0.02982
1037.344	2.68397E-4	0.0308
1038.85	2.42566E-4	0.02878
1040.356	3.10967E-4	0.02869
1041.862	2.26466E-4	0.02915
1043.368	4.48645E-4	0.02739
1044.874	2.33956E-4	0.02527
1046.38	4.09709E-4	0.02584
1047.886	3.3554E-4	0.02613
1049.392	2.69658E-4	0.02524
1050.898	2.65301E-4	0.02566
1052.404	4.38309E-4	0.02676
1053.91	4.1325E-4	0.02639
1055.416	2.32452E-4	0.0262
1056.922	2.00937E-4	0.02606
1058.428	2.69453E-4	0.02458
1059.934	3.33712E-4	0.02426
1061.44	3.35271E-4	0.02439
1062.946	3.72799E-4	0.02375
1064.452	3.37933E-4	0.02357
1065.958	3.38102E-4	0.02225
1067.464	2.69787E-4	0.02333
1068.97	6.78706E-5	0.02277
1070.476	2.70193E-4	0.02126
1071.982	2.67615E-4	0.02278
1073.488	2.05058E-4	0.02105
1074.994	3.09189E-4	0.01989
1076.5	2.00447E-4	0.02143
1078.006	1.02978E-4	0.02004
1079.512	2.08464E-4	0.01933
1081.018	2.00149E-4	0.02051
1082.524	2.34102E-4	0.02013
1084.03	1.32832E-4	0.01902
1085.536	2.36151E-4	0.02028
1087.042	2.33503E-4	0.01886
1088.548	2.63401E-4	0.01868
1090.054	3.05284E-4	0.01937
1091.56	1.69276E-4	0.01841
1093.066	2.69324E-4	0.017
1094.572	1.97391E-4	0.01772
1096.078	4.15063E-4	0.01614
1097.584	3.49057E-4	0.01923
1099.09	2.76699E-4	0.02085
1100.596	3.35613E-4	0.01841
1102.102	9.92222E-5	0.01696
1103.609	3.93962E-4	0.01479
1105.115	1.22638E-4	0.01284
1106.621	2.36911E-4	0.01357
1108.127	1.49653E-4	0.01481
1109.633	1.22891E-4	0.0156
1111.139	2.62486E-4	0.01467
1112.645	1.95063E-4	0.01661
1114.151	4.92996E-4	0.01682
1115.657	2.60603E-4	0.0156
1117.163	2.29534E-4	0.01657
1118.669	2.70635E-4	0.01599
1120.175	4.05413E-4	0.01684
1121.681	3.95547E-4	0.01571
1123.187	1.69121E-4	0.0169
1124.693	2.62608E-4	0.01644
1126.199	1.33135E-4	0.01549
1127.705	3.348E-4	0.01586
1129.211	6.64118E-5	0.0153
1130.717	6.89316E-5	0.01578
1132.223	2.63933E-4	0.01665
1133.729	2.05171E-4	0.01436
1135.235	2.72102E-4	0.01452
1136.741	1.6761E-4	0.01592
1138.247	1.38032E-4	0.0149
1139.753	3.05934E-4	0.01438
1141.259	2.38855E-4	0.01667
1142.765	1.68456E-4	0.01498
1144.271	3.93946E-4	0.01598
1145.777	4.45688E-4	0.0146
1147.283	3.00315E-4	0.01441
1148.789	2.36018E-4	0.01496
1150.295	6.8546E-5	0.01401
1151.801	2.38022E-4	0.01571
1153.307	1.30332E-4	0.01471
1154.813	2.71109E-4	0.01603
1156.319	1.69317E-4	0.01485
1157.825	4.26729E-4	0.01543
1159.331	1.66877E-4	0.01532
1160.837	2.95334E-4	0.01494
1162.343	1.97161E-4	0.0145
1163.849	2.66493E-4	0.01348
1165.355	2.34396E-4	0.01457
1166.861	3.77998E-4	0.01462
1168.367	3.35039E-4	0.01465
1169.873	2.69558E-4	0.01462
1171.379	1.69165E-4	0.01658
1172.885	1.31354E-4	0.01503
1174.391	2.65392E-4	0.01364
1175.897	1.98233E-4	0.01441
1177.403	3.73068E-4	0.0144
1178.909	3.43277E-4	0.01338
1180.415	3.63412E-4	0.01342
1181.921	1.71029E-4	0.01344
1183.427	3.74445E-4	0.01297
1184.933	2.38079E-4	0.01482
1186.439	2.941E-4	0.01465
1187.945	2.01132E-4	0.0137
1189.451	3.169E-4	0.0133
1190.957	2.33835E-4	0.01431
1192.463	3.41733E-4	0.01393
1193.969	2.89935E-4	0.01385
1195.475	2.05248E-4	0.01353
1196.981	2.96951E-4	0.01463
1198.487	3.1112E-4	0.01469
1199.993	3.02503E-4	0.01294
1201.499	3.04777E-4	0.01349
1203.005	3.31924E-4	0.01454
1204.511	2.59778E-4	0.0132
1206.017	3.66199E-4	0.01411
1207.523	3.35584E-4	0.01288
1209.029	3.76329E-4	0.01293
1210.535	2.27097E-4	0.01267
1212.041	2.2848E-4	0.01292
1213.547	3.04924E-4	0.0124
1215.053	2.00577E-4	0.01366
1216.559	2.99992E-4	0.01391
1218.065	1.01915E-4	0.01244
1219.571	3.36736E-4	0.01277
1221.077	1.01819E-4	0.01192
1222.583	3.02248E-4	0.01313
1224.089	1.00913E-4	0.01232
1225.595	2.29996E-4	0.0116
1227.101	2.65E-4	0.01264
1228.607	5.04742E-4	0.0117
1230.113	1.98254E-4	0.01083
1231.619	3.02799E-4	0.01272
1233.125	2.70541E-4	0.0117
1234.631	2.3786E-4	0.01169
1236.137	9.83508E-5	0.01202
1237.643	4.24839E-4	0.01092
1239.149	2.34558E-4	0.0122
1240.655	3.00483E-4	0.01197
1242.161	2.02645E-4	0.01121
1243.667	2.58499E-4	0.01165
1245.173	2.03345E-4	0.01161
1246.679	1.69018E-4	0.01164
1248.185	4.2945E-4	0.01095
1249.691	6.36521E-4	0.01101
1251.197	1.67679E-4	0.01153
1252.703	1.70987E-4	0.01205
1254.209	2.70152E-4	0.01166
1255.715	1.34826E-4	0.01214
1257.221	5.678E-4	0.01312
1258.727	1.72245E-4	0.01203
1260.233	4.11732E-4	0.01181
1261.739	2.40214E-4	0.01116
1263.245	2.47681E-4	0.00975
1264.751	9.35161E-5	0.01021
1266.257	1.27944E-4	0.00984
1267.764	3.39332E-4	0.01036
1269.27	2.33111E-4	0.01019
1270.776	1.65212E-4	0.01094
1272.282	2.54904E-4	0.0103
1273.788	3.32052E-4	0.00963
1275.294	3.37903E-4	0.00933
1276.8	3.04831E-4	0.01009
1278.306	4.29578E-4	0.00939
1279.812	2.71679E-4	0.01017
1281.318	2.69916E-4	0.00953
1282.824	3.61876E-4	0.00995
1284.33	2.6448E-4	0.01021
1285.836	3.01008E-4	0.00824
1287.342	2.67829E-4	0.00826
1288.848	3.38856E-4	0.00766
1290.354	4.41073E-4	0.00782
1291.86	4.02997E-4	0.00821
1293.366	3.04173E-4	0.00775
1294.872	1.64057E-4	0.00705
1296.378	4.07456E-4	0.00756
1297.884	2.39551E-4	0.00688
1299.39	4.35231E-4	0.00626
1300.896	3.03346E-4	0.00581
1302.402	2.66132E-4	0.00617
1303.908	3.97169E-4	0.00645
1305.414	5.356E-4	0.00608
1306.92	3.04392E-4	0.00516
1308.426	4.28145E-4	0.00608
1309.932	3.65383E-4	0.0056
1311.438	3.96002E-4	0.00559
1312.944	3.40352E-4	0.00525
1314.45	3.79293E-4	0.0048
1315.956	3.69374E-4	0.00568
1317.462	1.31829E-4	0.00476
1318.968	2.4293E-4	0.00523
1320.474	2.54935E-4	0.00534
1321.98	3.61569E-4	0.00484
1323.486	2.29185E-4	0.00536
1324.992	1.98034E-4	0.00522
1326.498	3.63528E-4	0.00506
1328.004	2.30436E-4	0.00598
1329.51	5.63861E-4	0.00599
1331.016	3.2872E-4	0.00599
1332.522	3.64492E-4	0.00636
1334.028	1.6493E-4	0.00794
1335.534	4.03111E-4	0.0085
1337.04	3.86395E-4	0.00906
1338.546	3.89243E-4	0.00879
1340.052	1.62195E-4	0.01099
1341.558	2.02398E-4	0.01103
1343.064	2.97438E-4	0.01263
1344.57	2.65159E-4	0.01239
1346.076	3.33109E-4	0.0145
1347.582	3.98292E-4	0.01719
1349.088	5.31216E-4	0.01772
1350.594	4.25548E-4	0.01934
1352.1	3.58541E-4	0.01908
1353.606	2.84838E-4	0.01965
1355.112	3.31967E-4	0.02006
1356.618	5.22647E-4	0.02321
1358.124	3.62685E-4	0.02334
1359.63	1.01336E-4	0.02408
1361.136	2.94113E-4	0.02623
1362.642	4.01344E-4	0.02591
1364.148	4.56536E-4	0.02756
1365.654	1.99291E-4	0.02619
1367.16	5.36574E-4	0.0274
1368.666	4.96674E-4	0.02704
1370.172	4.03995E-4	0.02613
1371.678	9.94919E-5	0.02603
1373.184	1.31801E-4	0.02516
1374.69	3.71192E-4	0.02627
1376.196	2.03092E-4	0.02552
1377.702	3.96002E-4	0.02554
1379.208	3.22996E-4	0.02541
1380.714	2.66694E-4	0.025
1382.22	2.37964E-4	0.02487
1383.726	2.68397E-4	0.02391
1385.232	3.893E-4	0.02418
1386.738	2.62031E-4	0.02328
1388.244	2.26641E-4	0.023
1389.75	3.6253E-4	0.02177
1391.256	1.92345E-4	0.02019
1392.762	2.02195E-4	0.01911
1394.268	2.45739E-4	0.01984
1395.774	2.15163E-4	0.01745
1397.28	3.34748E-4	0.01906
1398.786	1.91667E-4	0.01962
1400.292	2.99483E-4	0.02032
1401.798	3.03689E-4	0.02096
1403.304	3.82106E-4	0.02035
1404.81	2.0837E-4	0.02302
1406.316	1.70457E-4	0.0215
1407.822	2.37039E-4	0.02024
1409.328	2.97375E-4	0.02024
1410.834	3.2888E-4	0.01897
1412.34	2.88889E-4	0.018
1413.846	3.69718E-4	0.01845
1415.352	4.49837E-4	0.01858
1416.858	3.08192E-4	0.02033
1418.364	1.82015E-4	0.02124
1419.87	2.98106E-4	0.01897
1421.376	2.48421E-4	0.01502
1422.882	9.33638E-5	0.01454
1424.388	1.30808E-4	0.01716
1425.894	3.56835E-4	0.02175
1427.4	3.27219E-4	0.02093
1428.906	2.89012E-4	0.01999
1430.412	3.59932E-4	0.01917
1431.918	2.04958E-4	0.01864
1433.425	1.67668E-4	0.01647
1434.931	3.32923E-4	0.01632
1436.437	2.66035E-4	0.01657
1437.943	1.66877E-4	0.01473
1439.449	2.99373E-4	0.01559
1440.955	1.9814E-4	0.01602
1442.461	1.61008E-4	0.01461
1443.967	4.319E-4	0.01522
1445.473	1.96324E-4	0.01576
1446.979	2.59969E-4	0.01438
1448.485	1.98818E-4	0.01512
1449.991	3.05445E-4	0.01399
1451.497	2.01971E-4	0.01388
1453.003	2.33166E-4	0.01566
1454.509	1.65547E-4	0.01372
1456.015	2.32029E-4	0.01347
1457.521	2.66579E-4	0.0131
1459.027	2.32821E-4	0.01382
1460.533	2.97692E-4	0.01196
1462.039	3.91243E-4	0.01398
1463.545	3.17793E-4	0.01413
1465.051	2.60483E-4	0.01442
1466.557	1.68302E-4	0.01367
1468.063	2.75249E-4	0.01301
1469.569	4.43783E-4	0.01355
1471.075	2.71388E-4	0.01335
1472.581	2.97788E-4	0.01224
1474.087	3.58669E-4	0.01276
1475.593	3.26806E-4	0.01456
1477.099	3.69536E-4	0.01565
1478.605	2.99697E-4	0.01581
1480.111	1.78045E-4	0.01515
1481.617	2.75115E-4	0.01363
1483.123	3.76712E-4	0.01285
1484.629	3.13025E-4	0.01303
1486.135	6.60382E-5	0.01332
1487.641	3.09326E-4	0.01253
1489.147	2.39197E-4	0.01179
1490.653	4.25296E-4	0.01191
1492.159	1.94296E-4	0.01133
1493.665	3.95943E-4	0.01109
1495.171	1.62229E-4	0.01213
1496.677	3.98173E-4	0.01124
1498.183	3.2585E-4	0.01152
1499.689	4.08459E-4	0.01074
1501.195	3.65125E-4	0.01004
1502.701	2.61721E-4	0.01067
1504.207	1.3517E-4	0.01185
1505.713	1.32736E-4	0.00998
1507.219	2.34736E-4	0.01015
1508.725	1.6506E-4	0.01067
1510.231	1.37998E-4	0.01117
1511.737	1.65884E-4	0.01041
1513.243	2.28508E-4	0.01151
1514.749	2.36754E-4	0.01027
1516.255	2.96546E-4	0.01024
1517.761	2.94187E-4	0.01013
1519.267	1.35155E-4	0.0107
1520.773	3.08717E-4	0.01121
1522.279	1.39178E-4	0.01122
1523.785	2.65346E-4	0.0113
1525.291	1.95732E-4	0.01125
1526.797	1.00664E-4	0.01123
1528.303	6.7121E-5	0.01086
1529.809	3.30826E-4	0.01046
1531.315	3.07913E-4	0.00984
1532.821	4.03574E-4	0.01006
1534.327	2.38273E-4	0.01112
1535.833	2.80523E-4	0.01133
1537.339	2.40475E-4	0.01044
1538.845	3.38575E-4	0.01078
1540.351	2.72359E-4	0.01123
1541.857	3.39517E-4	0.00985
1543.363	1.98665E-4	0.01026
1544.869	1.70584E-4	0.01058
1546.375	1.36765E-4	0.00999
1547.881	1.39066E-4	0.00972
1549.387	1.99548E-4	0.01052
1550.893	3.77179E-4	0.0102
1552.399	1.67418E-4	0.00934
1553.905	3.57383E-4	0.01055
1555.411	4.28527E-4	0.01038
1556.917	1.77218E-4	0.00982
1558.423	1.96747E-4	0.00956
1559.929	2.339E-4	0.01034
1561.435	2.32846E-4	0.00941
1562.941	2.34949E-4	0.01039
1564.447	2.66035E-4	0.00886
1565.953	1.0373E-4	0.0101
1567.459	2.01608E-4	0.01018
1568.965	1.70618E-4	0.00959
1570.471	2.02578E-4	0.00977
1571.977	2.06016E-4	0.00985
1573.483	3.3405E-4	0.0101
1574.989	6.83269E-5	0.00916
1576.495	2.63093E-4	0.00996
1578.001	2.62831E-4	0.011
1579.507	2.58959E-4	0.00932
1581.013	3.44758E-4	0.00966
1582.519	1.69092E-4	0.01087
1584.025	1.69948E-4	0.00932
1585.531	2.09747E-4	0.00906
1587.037	1.65848E-4	0.00844
1588.543	2.9985E-4	0.00924
1590.049	1.6361E-4	0.00875
1591.555	1.57247E-4	0.00811
1593.061	1.94868E-4	0.00628
1594.567	2.01911E-4	0.00519
1596.073	1.81246E-4	0.00787
1597.58	2.26982E-4	0.00795
1599.086	2.34883E-4	0.00852
1600.592	5.61173E-4	0.00937
1602.098	3.19059E-4	0.01103
1603.604	1.08671E-4	0.01086
1605.11	3.82286E-4	0.01023
1606.616	3.06539E-4	0.00994
1608.122	1.71403E-4	0.01053
1609.628	1.36741E-4	0.01044
1611.134	1.03941E-4	0.00947
1612.64	2.10454E-4	0.0096
1614.146	3.03286E-4	0.00925
1615.652	2.05638E-4	0.00935
1617.158	2.33744E-4	0.0096
1618.664	2.08445E-4	0.00918
1620.17	3.58029E-4	0.00885
1621.676	4.12316E-4	0.00939
1623.182	3.02944E-4	0.00942
1624.688	2.5851E-4	0.01009
1626.194	2.04418E-4	0.00895
1627.7	2.70134E-4	0.00932
1629.206	1.32972E-4	0.00966
1630.712	2.01958E-4	0.00894
1632.218	2.03185E-4	0.00823
1633.724	2.2732E-4	0.00898
1635.23	3.6935E-4	0.00786
1636.736	2.37179E-4	0.00837
1638.242	3.81927E-4	0.00757
1639.748	1.9798E-4	0.00902
1641.254	2.35843E-4	0.00798
1642.76	2.3935E-4	0.0078
1644.266	4.04118E-4	0.00872
1645.772	3.61216E-4	0.0068
1647.278	2.35025E-4	0.00656
1648.784	3.72213E-4	0.0067
1650.29	3.06411E-4	0.00591
1651.796	2.71822E-4	0.00604
1653.302	2.38131E-4	0.00614
1654.808	3.95976E-4	0.00595
1656.314	4.4491E-4	0.00596
1657.82	4.31863E-4	0.00469
1659.326	3.42284E-4	0.00471
1660.832	2.06149E-4	0.00575
1662.338	4.81259E-4	0.005
1663.844	3.70651E-4	0.00462
1665.35	3.69454E-4	0.00464
1666.856	3.348E-4	0.00454
1668.362	4.86437E-4	0.00444
1669.868	5.47776E-4	0.00447
1671.374	2.72395E-4	0.0041
1672.88	4.30257E-4	0.00392
1674.386	1.66669E-4	0.00416
1675.892	4.31118E-4	0.00393
1677.398	3.4153E-4	0.00412
1678.904	2.97375E-4	0.00376
1680.41	1.59891E-4	0.00345
1681.916	3.87199E-4	0.00445
1683.422	3.41899E-4	0.00401
1684.928	2.30529E-4	0.00392
1686.434	2.62881E-4	0.00365
1687.94	2.69775E-4	0.00389
1689.446	3.1031E-4	0.00423
1690.952	1.72775E-4	0.00456
1692.458	4.19428E-4	0.00517
1693.964	3.74857E-4	0.0055
1695.47	3.02812E-4	0.00596
1696.976	6.18447E-4	0.00639
1698.482	2.95929E-4	0.00738
1699.988	2.06506E-4	0.00705
1701.494	2.35648E-4	0.00789
1703	3.0357E-4	0.00897
1704.506	2.29612E-4	0.00886
1706.012	3.44712E-4	0.01082
1707.518	3.26173E-4	0.01112
1709.024	5.07187E-4	0.01216
1710.53	2.35194E-4	0.01271
1712.036	4.70806E-4	0.01362
1713.542	2.30427E-4	0.01358
1715.048	4.36448E-4	0.01523
1716.554	2.305E-4	0.01634
1718.06	4.38806E-4	0.01525
1719.566	2.65853E-4	0.0154
1721.072	2.8862E-4	0.01606
1722.578	2.29141E-4	0.01739
1724.084	3.37785E-4	0.01796
1725.59	2.66047E-4	0.01758
1727.096	3.33374E-4	0.01739
1728.602	3.27822E-4	0.01839
1730.108	2.93846E-4	0.01667
1731.614	2.52849E-4	0.01756
1733.12	3.11551E-4	0.01643
1734.626	1.88643E-4	0.01675
1736.132	3.61914E-4	0.01621
1737.638	1.58402E-4	0.01814
1739.144	2.45588E-4	0.01616
1740.65	2.18773E-4	0.01584
1742.156	9.57268E-5	0.01655
1743.662	1.2993E-4	0.01717
1745.168	6.36238E-5	0.01762
1746.674	2.9566E-4	0.01771
1748.18	2.32806E-4	0.01868
1749.686	1.62603E-4	0.01664
1751.192	3.87833E-4	0.01831
1752.698	2.68956E-4	0.01745
1754.204	2.69693E-4	0.01797
1755.71	5.65126E-4	0.02355
1757.216	2.57077E-4	0.02357
1758.722	3.65462E-4	0.01912
1760.228	2.42182E-4	0.01706
1761.734	2.92232E-4	0.01537
1763.241	1.38857E-4	0.01573
1764.747	1.60784E-4	0.01646
1766.253	2.75408E-4	0.01481
1767.759	3.33733E-4	0.01518
1769.265	3.39324E-4	0.01441
1770.771	9.98553E-5	0.01467
1772.277	4.3872E-4	0.01538
1773.783	6.63493E-5	0.01387
1775.289	3.40188E-4	0.01312
1776.795	4.67509E-4	0.01386
1778.301	3.37881E-4	0.01386
1779.807	1.35123E-4	0.01364
1781.313	2.71144E-4	0.01321
1782.819	3.65226E-4	0.01333
1784.325	2.01813E-4	0.013
1785.831	2.01796E-4	0.01346
1787.337	1.71017E-4	0.0119
1788.843	2.60089E-4	0.01306
1790.349	3.03412E-4	0.01215
1791.855	2.0499E-4	0.01305
1793.361	1.63856E-4	0.01165
1794.867	3.42027E-4	0.01185
1796.373	2.61208E-4	0.01304
1797.879	1.3428E-4	0.01276
1799.385	3.26758E-4	0.01097
1800.891	2.28783E-4	0.01204
1802.397	2.0043E-4	0.01191
1803.903	2.03737E-4	0.01107
1805.409	3.02549E-4	0.01004
1806.915	1.6598E-4	0.01253
1808.421	1.32268E-4	0.0112
1809.927	2.60549E-4	0.01086
1811.433	2.07321E-4	0.01025
1812.939	1.3045E-4	0.01135
1814.445	3.34656E-4	0.01091
1815.951	1.6518E-4	0.01062
1817.457	3.40509E-4	0.0114
1818.963	2.04229E-4	0.01033
1820.469	2.33096E-4	0.01091
1821.975	4.33601E-4	0.01067
1823.481	3.08771E-4	0.01071
1824.987	2.64395E-4	0.01183
1826.493	2.03274E-4	0.01038
1827.999	2.41513E-4	0.01009
1829.505	2.74476E-4	0.01076
1831.011	1.74899E-4	0.01034
1832.517	1.73339E-4	0.01057
1834.023	2.38687E-4	0.01058
1835.529	1.68826E-4	0.01049
1837.035	1.99116E-4	0.01011
1838.541	3.34829E-4	0.00964
1840.047	2.0152E-4	0.00936
1841.553	1.33741E-4	0.00959
1843.059	1.65784E-4	0.00923
1844.565	4.96961E-4	0.00951
1846.071	2.64808E-4	0.00962
1847.577	6.52194E-5	0.00973
1849.083	1.33767E-4	0.009
1850.589	2.59969E-4	0.00881
1852.095	2.38645E-4	0.00866
1853.601	3.08151E-4	0.0099
1855.107	4.09745E-4	0.00789
1856.613	3.45665E-4	0.00868
1858.119	3.3678E-4	0.00789
1859.625	3.4459E-4	0.00894
1861.131	2.99966E-4	0.00882
1862.637	2.76699E-4	0.00869
1864.143	3.33841E-4	0.00887
1865.649	2.65881E-4	0.00859
1867.155	6.78647E-5	0.00879
1868.661	2.00525E-4	0.00876
1870.167	1.71962E-4	0.00959
1871.673	1.01327E-4	0.00895
1873.179	1.72621E-4	0.00918
1874.685	2.71941E-4	0.00931
1876.191	2.03616E-4	0.00905
1877.697	2.99129E-4	0.00922
1879.203	3.00658E-4	0.00888
1880.709	1.70135E-4	0.00862
1882.215	2.05275E-4	0.00954
1883.721	3.73019E-4	0.00807
1885.227	1.9485E-4	0.00864
1886.733	3.72351E-4	0.00873
1888.239	2.37417E-4	0.00841
1889.745	2.70564E-4	0.00809
1891.251	1.67864E-4	0.00796
1892.757	1.34501E-4	0.009
1894.263	1.0132E-4	0.00758
1895.769	2.6909E-4	0.00867
1897.275	3.3899E-4	0.00914
1898.781	1.72914E-4	0.008
1900.287	6.75968E-5	0.00801
1901.793	2.43153E-4	0.00921
1903.299	3.06586E-4	0.00827
1904.805	2.29685E-4	0.0081
1906.311	1.34935E-4	0.00917
1907.817	2.96963E-4	0.00844
1909.323	1.01258E-4	0.00875
1910.829	2.00412E-4	0.00881
1912.335	1.3412E-4	0.00858
1913.841	3.04691E-4	0.00797
1915.347	2.41239E-4	0.00871
1916.853	4.70021E-4	0.00858
1918.359	2.38079E-4	0.00805
1919.865	2.66963E-4	0.00833
1921.371	2.46014E-4	0.00771
1922.877	2.34178E-4	0.00717
1924.383	6.71967E-5	0.00789
1925.889	1.67263E-4	0.0081
1927.396	2.08272E-4	0.0083
1928.902	2.34609E-4	0.00821
1930.408	3.68743E-4	0.00775
1931.914	2.41384E-4	0.00809
1933.42	2.38231E-4	0.00766
1934.926	1.74114E-4	0.0082
1936.432	2.03724E-4	0.00709
1937.938	3.02556E-4	0.00724
1939.444	1.66372E-4	0.00693
1940.95	2.02715E-4	0.00847
1942.456	2.03956E-4	0.00859
1943.962	3.49618E-4	0.00675
1945.468	2.69283E-4	0.00753
1946.974	2.01599E-4	0.00744
1948.48	3.63978E-4	0.00892
1949.986	3.34497E-4	0.00714
1951.492	1.66383E-4	0.00742
1952.998	3.71872E-4	0.00788
1954.504	3.34497E-4	0.0077
1956.01	1.67093E-4	0.00691
1957.516	3.38457E-4	0.00749
1959.022	1.33556E-4	0.00686
1960.528	2.89063E-4	0.00748
1962.034	1.35058E-4	0.00718
1963.54	3.32017E-4	0.00668
1965.046	2.44165E-4	0.00782
1966.552	3.37058E-5	0.00684
1968.058	2.31435E-4	0.00721
1969.564	3.57173E-4	0.00778
1971.07	1.36108E-4	0.0065
1972.576	2.38241E-4	0.00618
1974.082	1.00492E-4	0.00729
1975.588	1.31653E-4	0.00719
1977.094	3.33216E-4	0.007
1978.6	2.03109E-4	0.00644
1980.106	2.69752E-4	0.0076
1981.612	3.07302E-4	0.00729
1983.118	1.76754E-4	0.00742
1984.624	2.7827E-4	0.00915
1986.13	3.35017E-5	0.00826
1987.636	1.67281E-4	0.00725
1989.142	1.68225E-4	0.00691
1990.648	2.00858E-4	0.00693
1992.154	1.98669E-4	0.00724
1993.66	1.39488E-4	0.00696
1995.166	2.62419E-4	0.00707
1996.672	3.6668E-4	0.00678
1998.178	3.35736E-4	0.00743
1999.684	4.07037E-4	0.00683
2001.19	1.02254E-4	0.00664
2002.696	1.75255E-4	0.00697
2004.202	2.06625E-4	0.00634
2005.708	2.93958E-4	0.00652
2007.214	6.76957E-5	0.00611
2008.72	1.37302E-4	0.00585
2010.226	1.66651E-4	0.00569
2011.732	2.96301E-4	0.00587
2013.238	2.02345E-4	0.00535
2014.744	1.3941E-4	0.00554
2016.25	2.8114E-4	0.00518
2017.756	4.45826E-4	0.00494
2019.262	1.35406E-4	0.00456
2020.768	2.19857E-4	0.00527
2022.274	1.68801E-4	0.00499
2023.78	1.39819E-4	0.00486
2025.286	2.93376E-4	0.00461
2026.792	3.96906E-4	0.00385
2028.298	2.01224E-4	0.00389
2029.804	2.03929E-4	0.00376
2031.31	2.35403E-4	0.00376
2032.816	2.37397E-4	0.00405
2034.322	3.83516E-4	0.00404
2035.828	2.02002E-4	0.00352
2037.334	3.09642E-4	0.00382
2038.84	2.37345E-4	0.00387
2040.346	2.34802E-4	0.00376
2041.852	9.79776E-5	0.00315
2043.358	1.0213E-4	0.0033
2044.864	2.77815E-4	0.00287
2046.37	1.39385E-4	0.00367
2047.876	3.29875E-4	0.00378
2049.382	1.00187E-4	0.00344
2050.888	3.72311E-4	0.00314
2052.394	6.77756E-5	0.00338
2053.9	1.6757E-4	0.00304
2055.406	1.65141E-4	0.00363
2056.912	6.65545E-5	0.00319
2058.418	1.33554E-4	0.00352
2059.924	2.04728E-4	0.00376
2061.43	1.39492E-4	0.00369
2062.936	1.63724E-4	0.00366
2064.442	3.07621E-4	0.00362
2065.948	1.67835E-4	0.00351
2067.454	2.03487E-4	0.00365
2068.96	2.05031E-4	0.00314
2070.466	2.46086E-4	0.00337
2071.972	2.82851E-4	0.00372
2073.478	4.34649E-4	0.00341
2074.984	6.76691E-5	0.00325
2076.49	3.05552E-4	0.00314
2077.996	2.02999E-4	0.00324
2079.502	2.42436E-4	0.00319
2081.008	3.68026E-4	0.00373
2082.514	2.76545E-4	0.00302
2084.02	3.31839E-4	0.00294
2085.526	2.03634E-4	0.0033
2087.032	4.52402E-4	0.00344
2088.538	3.44988E-4	0.00315
2090.044	3.81133E-4	0.00336
2091.55	1.65247E-4	0.00281
2093.057	6.77697E-5	0.00335
2094.563	1.35427E-4	0.00297
2096.069	1.73653E-4	0.00351
2097.575	2.4365E-4	0.00332
2099.081	3.72856E-4	0.00328
2100.587	3.39755E-4	0.00335
2102.093	3.71216E-4	0.00322
2103.599	4.56507E-4	0.00305
2105.105	2.177E-4	0.00275
2106.611	2.5413E-4	0.0033
2108.117	2.25191E-4	0.00394
2109.623	2.30211E-4	0.00342
2111.129	1.69195E-4	0.00345
2112.635	3.34772E-4	0.00373
2114.141	2.71417E-4	0.00357
2115.647	1.0036E-4	0.00329
2117.153	5.65884E-4	0.00344
2118.659	2.77833E-4	0.00336
2120.165	2.01726E-4	0.00325
2121.671	2.06763E-4	0.00362
2123.177	4.00938E-4	0.00368
2124.683	2.6902E-4	0.00321
2126.189	1.01016E-4	0.00282
2127.695	2.4032E-4	0.00309
2129.201	1.33856E-4	0.00364
2130.707	3.29496E-4	0.00322
2132.213	5.87134E-4	0.00331
2133.719	3.3822E-4	0.00349
2135.225	4.33545E-4	0.0036
2136.731	2.4147E-4	0.00349
2138.237	2.70588E-4	0.00356
2139.743	3.11175E-4	0.00307
2141.249	1.32824E-4	0.00317
2142.755	3.35424E-4	0.00337
2144.261	2.31543E-4	0.00355
2145.767	3.3678E-4	0.00304
2147.273	7.80668E-4	0.00342
2148.779	2.99863E-4	0.00368
2150.285	3.0324E-4	0.00373
2151.791	3.6732E-4	0.0036
2153.297	3.36057E-4	0.0034
2154.803	3.33152E-4	0.00296
2156.309	3.86663E-4	0.00308
2157.815	4.3557E-4	0.00358
2159.321	4.14688E-4	0.00375
2160.827	1.044E-4	0.00407
2162.333	3.11794E-4	0.00381
2163.839	4.17395E-4	0.0033
2165.345	1.98886E-4	0.00315
2166.851	4.80663E-4	0.00303
2168.357	4.06281E-4	0.00363
2169.863	3.43779E-4	0.00366
2171.369	3.58548E-4	0.00319
2172.875	3.88308E-4	0.00342
2174.381	2.67858E-4	0.00332
2175.887	3.64523E-4	0.00309
2177.393	2.73531E-4	0.00298
2178.899	5.89828E-4	0.00358
2180.405	5.60597E-4	0.0039
2181.911	3.09752E-4	0.00335
2183.417	4.84353E-4	0.00372
2184.923	2.0156E-4	0.00321
2186.429	2.6974E-4	0.00329
2187.935	3.67091E-4	0.00327
2189.441	4.97041E-4	0.00371
2190.947	6.56394E-4	0.00412
2192.453	2.84134E-4	0.00341
2193.959	3.72433E-4	0.00371
2195.465	6.38495E-4	0.00335
2196.971	4.08118E-4	0.00336
2198.477	4.00618E-4	0.00293
2199.983	5.46954E-4	0.00304
2201.489	4.41488E-4	0.00334
2202.995	4.82308E-4	0.00352
2204.501	4.40379E-4	0.00444
2206.007	3.37977E-4	0.0048
2207.513	5.74086E-4	0.00559
2209.019	3.97296E-4	0.00656
2210.525	4.01969E-4	0.00742
2212.031	4.83688E-4	0.00847
2213.537	5.79503E-4	0.01008
2215.043	5.03943E-4	0.01237
2216.549	4.01431E-4	0.01327
2218.055	5.11754E-4	0.01505
2219.561	6.35298E-4	0.0177
2221.067	4.34846E-4	0.01831
2222.573	4.75595E-4	0.01888
2224.079	5.40469E-4	0.0202
2225.585	5.14506E-4	0.02253
2227.091	3.71937E-4	0.02509
2228.597	4.46418E-4	0.02713
2230.103	3.7456E-4	0.02762
2231.609	2.6769E-4	0.02988
2233.115	3.46554E-4	0.03033
2234.621	2.00633E-4	0.02754
2236.127	2.65796E-4	0.03158
2237.633	1.36177E-4	0.03189
2239.139	2.06497E-4	0.03179
2240.645	6.00361E-4	0.03479
2242.151	6.38744E-4	0.03489
2243.657	2.37766E-4	0.03306
2245.163	4.40138E-4	0.03145
2246.669	4.78669E-4	0.03581
2248.175	3.92134E-4	0.0324
2249.681	1.98584E-4	0.03461
2251.187	1.02011E-4	0.03364
2252.693	4.0118E-4	0.03179
2254.199	7.62137E-4	0.03435
2255.705	3.48431E-4	0.03284
2257.212	4.10623E-4	0.03281
2258.718	2.36821E-4	0.03123
2260.224	3.79563E-4	0.03166
2261.73	3.11224E-4	0.03097
2263.236	2.69711E-4	0.0285
2264.742	1.34832E-4	0.02963
2266.248	4.43149E-4	0.02888
2267.754	3.80716E-4	0.02633
2269.26	4.0086E-4	0.02742
2270.766	4.90841E-4	0.02657
2272.272	4.8401E-4	0.02515
2273.778	2.65301E-4	0.02554
2275.284	2.66424E-4	0.02527
2276.79	2.71512E-4	0.02372
2278.296	2.29408E-4	0.02467
2279.802	2.69359E-4	0.02333
2281.308	2.03532E-4	0.02241
2282.814	2.02565E-4	0.02109
2284.32	2.6422E-4	0.02071
2285.826	2.76298E-4	0.02129
2287.332	1.00304E-4	0.0195
2288.838	2.63138E-4	0.02063
2290.344	3.42518E-4	0.01987
2291.85	1.3595E-4	0.01983
2293.356	3.10718E-4	0.01834
2294.862	1.40669E-4	0.01982
2296.368	1.01274E-4	0.01968
2297.874	2.43208E-4	0.01915
2299.38	2.34533E-4	0.01876
2300.886	1.31625E-4	0.01749
2302.392	2.36599E-4	0.01665
2303.898	3.78468E-4	0.01709
2305.404	2.42756E-4	0.01926
2306.91	1.02785E-4	0.01703
2308.416	1.01541E-4	0.01617
2309.922	4.44832E-4	0.01579
2311.428	1.32679E-4	0.01627
2312.934	1.38938E-4	0.01477
2314.44	1.67144E-4	0.01459
2315.946	2.34888E-4	0.01432
2317.452	2.69946E-4	0.01482
2318.958	1.73727E-4	0.01455
2320.464	2.10625E-4	0.01356
2321.97	1.35519E-4	0.01455
2323.476	2.0338E-4	0.0133
2324.982	2.68345E-4	0.01413
2326.488	3.67114E-4	0.01273
2327.994	1.35956E-4	0.01308
2329.5	2.32701E-4	0.0124
2331.006	9.73658E-5	0.01332
2332.512	2.37584E-4	0.01254
2334.018	2.072E-4	0.01206
2335.524	4.11231E-4	0.01331
2337.03	1.39721E-4	0.01266
2338.536	1.00966E-4	0.01313
2340.042	3.05164E-4	0.01165
2341.548	1.71062E-4	0.01144
2343.054	1.72821E-4	0.01195
2344.56	3.34014E-4	0.01092
2346.066	1.71051E-4	0.01202
2347.572	3.4495E-5	0.01156
2349.078	2.25275E-4	0.01056
2350.584	2.01542E-4	0.01183
2352.09	3.07438E-4	0.0113
2353.596	2.33689E-4	0.01167
2355.102	2.01616E-4	0.00991
2356.608	2.61754E-4	0.00969
2358.114	2.99933E-4	0.01106
2359.62	1.03825E-4	0.00975
2361.126	4.16489E-4	0.01247
2362.632	4.63278E-4	0.01153
2364.138	2.96231E-4	0.01178
2365.644	1.72798E-4	0.0113
2367.15	5.7229E-4	0.01152
2368.656	1.40277E-4	0.01034
2370.162	3.33338E-4	0.01
2371.668	2.36666E-4	0.00997
2373.174	2.3469E-4	0.01066
2374.68	1.01764E-4	0.01055
2376.186	3.42556E-4	0.01051
2377.692	1.38823E-4	0.01091
2379.198	3.44635E-5	0.01078
2380.704	3.36809E-4	0.00995
2382.21	3.53572E-4	0.01047
2383.716	1.39119E-4	0.01039
2385.222	2.12891E-4	0.01042
2386.728	2.73404E-4	0.00974
2388.234	2.09544E-4	0.00952
2389.74	1.37833E-4	0.00884
2391.246	1.40465E-4	0.00918
2392.752	3.85301E-4	0.00962
2394.258	2.408E-4	0.01
2395.764	2.37787E-4	0.00981
2397.27	2.34032E-4	0.0094
2398.776	2.07663E-4	0.00974
2400.282	1.00979E-4	0.0081
2401.788	2.09449E-4	0.00914
2403.294	1.36784E-4	0.00867
2404.8	2.6964E-4	0.0094
2406.306	1.71214E-4	0.00753
2407.812	1.67944E-4	0.0083
2409.318	2.79297E-4	0.00907
2410.824	2.05216E-4	0.00923
2412.33	2.08548E-4	0.00926
2413.836	3.74511E-4	0.00862
2415.342	2.70718E-4	0.00906
2416.848	3.04564E-4	0.00837
2418.354	6.90545E-5	0.00942
2419.86	3.07147E-4	0.0089
2421.366	1.04271E-4	0.00856
2422.873	1.36509E-4	0.00877
2424.379	2.66424E-4	0.00775
2425.885	9.76358E-5	0.00824
2427.391	1.6854E-4	0.00846
2428.897	1.72107E-4	0.00851
2430.403	3.44238E-4	0.00769
2431.909	1.03193E-4	0.00804
2433.415	3.05981E-4	0.00866
2434.921	1.7568E-4	0.0079
2436.427	2.03509E-4	0.0084
2437.933	3.93612E-4	0.00749
2439.439	1.32647E-4	0.00731
2440.945	2.4701E-4	0.00807
2442.451	6.54868E-5	0.00682
2443.957	1.30236E-4	0.00748
2445.463	2.33885E-4	0.00765
2446.969	1.39891E-4	0.00907
2448.475	2.18864E-4	0.00804
2449.981	2.86708E-4	0.00985
2451.487	2.07067E-4	0.00884
2452.993	1.3868E-4	0.00785
2454.499	2.05049E-4	0.00723
2456.005	2.78445E-4	0.00781
2457.511	3.05921E-4	0.00884
2459.017	3.50606E-4	0.00803
2460.523	3.67455E-4	0.00734
2462.029	2.31697E-4	0.00821
2463.535	1.40761E-4	0.00813
2465.041	1.37204E-4	0.00751
2466.547	1.66055E-4	0.00797
2468.053	1.03485E-4	0.00774
2469.559	1.37411E-4	0.00766
2471.065	2.02835E-4	0.00812
2472.571	2.34037E-4	0.00774
2474.077	2.76353E-4	0.00751
2475.583	3.415E-4	0.00783
2477.089	1.70603E-4	0.00784
2478.595	6.66877E-5	0.00757
2480.101	2.72329E-4	0.00795
2481.607	1.72402E-4	0.00752
2483.113	2.42311E-4	0.00739
2484.619	1.01548E-4	0.00683
2486.125	3.11092E-4	0.00745
2487.631	3.32687E-4	0.00687
2489.137	1.02305E-4	0.0073
2490.643	1.66165E-4	0.00684
2492.149	2.05203E-4	0.00755
2493.655	3.14415E-4	0.0064
2495.161	3.00489E-4	0.00741
2496.667	3.37028E-5	0.00654
2498.173	2.87126E-4	0.00848
2499.679	1.90877E-4	0.01012
2501.185	2.31582E-4	0.00984
2502.691	3.90436E-4	0.00919
2504.197	3.64491E-4	0.00875
2505.703	1.13874E-4	0.0079
2507.209	1.71002E-4	0.00908
2508.715	3.16017E-4	0.00809
2510.221	1.35468E-4	0.00724
2511.727	2.81057E-4	0.00826
2513.233	3.55827E-5	0.00743
2514.739	6.79838E-5	0.00795
2516.245	2.68461E-4	0.00768
2517.751	3.08389E-4	0.00768
2519.257	3.74577E-4	0.00685
2520.763	6.96768E-5	0.00691
2522.269	2.7862E-4	0.00732
2523.775	3.41251E-4	0.00704
2525.281	2.79172E-4	0.00756
2526.787	2.09638E-4	0.00668
2528.293	1.75283E-4	0.00738
2529.799	1.70961E-4	0.00707
2531.305	3.37785E-5	0.00683
2532.811	1.7249E-4	0.00663
2534.317	2.72192E-4	0.00796
2535.823	4.37158E-4	0.00644
2537.329	1.35353E-4	0.00693
2538.835	1.34132E-4	0.00633
2540.341	2.68026E-4	0.00689
2541.847	2.04922E-4	0.00639
2543.353	3.06411E-4	0.00658
2544.859	1.66451E-4	0.00657
2546.365	2.41121E-4	0.00615
2547.871	3.36663E-4	0.00631
2549.377	1.69295E-4	0.00593
2550.883	2.01879E-4	0.00574
2552.389	1.30411E-4	0.00589
2553.895	2.26864E-4	0.00598
2555.401	3.33898E-5	0.006
2556.907	2.66058E-4	0.00589
2558.413	2.61296E-4	0.0054
2559.919	1.6614E-4	0.0068
2561.425	1.2908E-4	0.00687
2562.931	2.95165E-4	0.00479
2564.437	1.30601E-4	0.00573
2565.943	1.9474E-4	0.00616
2567.449	1.57369E-4	0.00516
2568.955	1.55945E-4	0.00513
2570.461	6.4645E-5	0.00531
2571.967	6.42161E-5	0.00479
2573.473	1.68174E-4	0.00588
2574.979	1.95988E-4	0.00525
2576.485	2.9666E-4	0.00599
2577.991	1.336E-4	0.00594
2579.497	1.33221E-4	0.00629
2581.003	2.77256E-4	0.00611
2582.509	3.38797E-5	0.00662
2584.015	2.39023E-4	0.00655
2585.521	1.39022E-4	0.00625
2587.028	1.40188E-4	0.00664
2588.534	1.03929E-4	0.00609
2590.04	2.03889E-4	0.00609
2591.546	2.82677E-4	0.00683
2593.052	1.35108E-4	0.00573
2594.558	1.71623E-4	0.00607
2596.064	2.43006E-4	0.00649
2597.57	2.37537E-4	0.00596
2599.076	3.55387E-4	0.00666
2600.582	6.85733E-5	0.0068
2602.088	1.39153E-4	0.00593
2603.594	6.88704E-5	0.00587
2605.1	1.33387E-4	0.00598
2606.606	1.69625E-4	0.0064
2608.112	2.0065E-4	0.0059
2609.618	1.78208E-4	0.00678
2611.124	2.65767E-4	0.00551
2612.63	3.7628E-4	0.00613
2614.136	1.01201E-4	0.00609
2615.642	1.36856E-4	0.00639
2617.148	2.37397E-4	0.00629
2618.654	3.01119E-4	0.00645
2620.16	1.34077E-4	0.0061
2621.666	3.43917E-4	0.00579
2623.172	1.04619E-4	0.00609
2624.678	1.69907E-4	0.00597
2626.184	4.28236E-4	0.00669
2627.69	2.68205E-4	0.00516
2629.196	4.52767E-4	0.00605
2630.702	2.35797E-4	0.00618
2632.208	2.02288E-4	0.00609
2633.714	3.11627E-4	0.00604
2635.22	2.3526E-4	0.00656
2636.726	3.50955E-4	0.00622
2638.232	1.6854E-4	0.00536
2639.738	2.35915E-4	0.0058
2641.244	2.37215E-4	0.00644
2642.75	1.38423E-4	0.00537
2644.256	2.36702E-4	0.00553
2645.762	2.06172E-4	0.0057
2647.268	1.69387E-4	0.00644
2648.774	2.38043E-4	0.00603
2650.28	3.02891E-4	0.00604
2651.786	2.73918E-4	0.00555
2653.292	3.36108E-4	0.00588
2654.798	2.03902E-4	0.00552
2656.304	1.71418E-4	0.00616
2657.81	4.43169E-4	0.00716
2659.316	3.57149E-4	0.00739
2660.822	2.7644E-4	0.00639
2662.328	3.79175E-4	0.00631
2663.834	1.62603E-4	0.0054
2665.34	9.78414E-5	0.00603
2666.846	3.32408E-5	0.00611
2668.352	4.75085E-4	0.0056
2669.858	2.72198E-4	0.00553
2671.364	1.38263E-4	0.00535
2672.87	1.38777E-4	0.00604
2674.376	1.72187E-4	0.00607
2675.882	6.75423E-5	0.00567
2677.388	3.3186E-5	0.00515
2678.894	2.02169E-4	0.0057
2680.4	1.00935E-4	0.00612
2681.906	2.08749E-4	0.00582
2683.412	1.71768E-4	0.00588
2684.918	2.80041E-4	0.00565
2686.424	1.66119E-4	0.0056
2687.93	2.40795E-4	0.00548
2689.436	3.6927E-4	0.00554
2690.942	1.99236E-4	0.0053
2692.448	2.6349E-4	0.00653
2693.954	2.07228E-4	0.00558
2695.46	1.37597E-4	0.00532
2696.966	3.79834E-4	0.00517
2698.472	1.71127E-4	0.00581
2699.978	3.61644E-4	0.00668
2701.484	1.014E-4	0.0062
2702.99	2.24589E-4	0.00486
2704.496	1.62795E-4	0.00558
2706.002	2.21274E-4	0.00521
2707.508	1.65728E-4	0.0057
2709.014	1.80414E-4	0.00543
2710.52	2.72623E-4	0.00608
2712.026	1.39178E-4	0.00595
2713.532	2.06204E-4	0.00577
2715.038	3.03563E-4	0.0064
2716.544	3.72335E-4	0.00556
2718.05	3.38021E-5	0.00623
2719.556	1.04464E-4	0.00609
2721.062	1.37796E-4	0.00507
2722.568	2.04216E-4	0.00556
2724.074	1.39269E-4	0.00541
2725.58	2.79612E-4	0.00559
2727.086	2.42713E-4	0.00601
2728.592	3.10835E-4	0.00547
2730.098	1.0179E-4	0.00575
2731.604	3.098E-4	0.0055
2733.11	3.42382E-4	0.00612
2734.616	1.38464E-4	0.00587
2736.122	1.66368E-4	0.00626
2737.628	1.76292E-4	0.00631
2739.134	2.44892E-4	0.00519
2740.64	2.75543E-4	0.00601
2742.146	1.35276E-4	0.00601
2743.652	2.67667E-4	0.00595
2745.158	2.36945E-4	0.00558
2746.664	1.04675E-4	0.00492
2748.17	3.48847E-4	0.00555
2749.676	9.77303E-5	0.0054
2751.182	3.47471E-4	0.00574
2752.689	2.17245E-4	0.00566
2754.195	1.83296E-4	0.00562
2755.701	9.87101E-5	0.00623
2757.207	2.34229E-4	0.00513
2758.713	2.5816E-4	0.005
2760.219	2.36806E-4	0.00526
2761.725	1.72276E-4	0.00582
2763.231	2.38734E-4	0.0053
2764.737	7.05422E-5	0.00575
2766.243	1.35029E-4	0.00562
2767.749	3.1121E-4	0.00526
2769.255	3.74972E-4	0.00555
2770.761	2.38739E-4	0.0051
2772.267	1.36995E-4	0.00495
2773.773	1.96927E-4	0.00547
2775.279	6.98494E-5	0.00515
2776.785	3.06485E-4	0.0054
2778.291	3.06162E-4	0.00601
2779.797	3.6642E-4	0.00519
2781.303	5.34054E-4	0.0054
2782.809	1.63028E-4	0.00522
2784.315	2.37256E-4	0.00552
2785.821	3.36261E-4	0.00615
2787.327	2.63731E-4	0.0058
2788.833	3.35112E-4	0.00537
2790.339	1.39372E-4	0.00527
2791.845	1.33698E-4	0.00571
2793.351	2.7162E-4	0.00544
2794.857	2.66986E-4	0.00501
2796.363	2.4222E-4	0.0054
2797.869	2.4223E-4	0.00515
2799.375	2.76384E-4	0.00606
2800.881	2.04265E-4	0.00531
2802.387	1.07827E-4	0.00516
2803.893	3.13313E-4	0.00573
2805.399	1.3034E-4	0.00473
2806.905	1.38124E-4	0.00595
2808.411	4.31585E-4	0.0057
2809.917	1.0081E-4	0.00539
2811.423	1.66597E-4	0.00525
2812.929	2.05961E-4	0.00538
2814.435	3.7872E-4	0.00543
2815.941	3.09463E-4	0.00491
2817.447	1.72729E-4	0.00504
2818.953	2.35041E-4	0.00523
2820.459	2.43732E-4	0.00529
2821.965	2.96426E-4	0.00526
2823.471	3.20591E-4	0.00549
2824.977	3.01301E-4	0.00587
2826.483	1.38659E-4	0.00506
2827.989	2.44754E-4	0.00517
2829.495	1.71954E-4	0.00565
2831.001	2.37928E-4	0.0055
2832.507	3.03326E-4	0.00536
2834.013	2.09223E-4	0.00547
2835.519	1.35421E-4	0.00561
2837.025	2.31435E-4	0.00625
2838.531	1.68661E-4	0.00587
2840.037	6.90283E-5	0.00591
2841.543	1.72991E-4	0.00524
2843.049	2.73948E-4	0.00553
2844.555	1.04862E-4	0.00544
2846.061	1.03778E-4	0.00492
2847.567	6.83435E-5	0.00501
2849.073	2.79109E-4	0.00585
2850.579	1.36108E-4	0.0056
2852.085	6.80973E-5	0.00593
2853.591	1.70183E-4	0.00482
2855.097	1.67719E-4	0.0054
2856.603	2.44176E-4	0.00561
2858.109	2.08314E-4	0.00543
2859.615	1.4171E-4	0.00583
2861.121	2.31786E-4	0.00457
2862.627	2.76866E-4	0.00522
2864.133	3.13285E-4	0.00574
2865.639	1.02045E-4	0.00441
2867.145	1.68742E-4	0.00477
2868.651	2.74178E-4	0.00474
2870.157	3.39815E-4	0.00463
2871.663	2.03225E-4	0.00539
2873.169	2.05393E-4	0.00508
2874.675	2.38027E-4	0.00523
2876.181	2.07191E-4	0.00488
2877.687	1.68613E-4	0.006
2879.193	2.42182E-4	0.00537
2880.699	1.01806E-4	0.0053
2882.205	2.04818E-4	0.00514
2883.711	4.1008E-4	0.00504
2885.217	3.41846E-4	0.00574
2886.723	1.68988E-4	0.00481
2888.229	1.74592E-4	0.00489
2889.735	3.67067E-4	0.005
2891.241	2.67592E-4	0.00489
2892.747	1.0543E-4	0.00454
2894.253	2.49945E-4	0.00564
2895.759	2.46567E-4	0.00558
2897.265	2.01717E-4	0.00485
2898.771	2.07131E-4	0.00498
2900.277	2.0499E-4	0.00487
2901.783	1.74702E-4	0.00434
2903.289	1.70165E-4	0.00537
2904.795	1.38183E-4	0.00474
2906.301	2.05004E-4	0.00428
2907.807	1.33603E-4	0.00475
2909.313	2.76452E-4	0.00556
2910.819	2.25594E-4	0.00528
2912.325	3.0828E-4	0.00531
2913.831	1.37842E-4	0.0052
2915.337	1.72031E-4	0.00484
2916.844	2.01376E-4	0.00523
2918.35	1.68716E-4	0.00494
2919.856	4.41218E-4	0.0049
2921.362	2.34715E-4	0.00542
2922.868	1.93491E-4	0.00481
2924.374	2.38566E-4	0.00546
2925.88	2.04422E-4	0.00546
2927.386	1.71688E-4	0.00504
2928.892	2.9902E-4	0.00532
2930.398	2.03069E-4	0.00507
2931.904	2.33563E-4	0.00517
2933.41	1.70817E-4	0.00484
2934.916	2.44352E-4	0.0051
2936.422	1.67868E-4	0.00502
2937.928	3.68472E-4	0.00464
2939.434	1.38889E-4	0.00523
2940.94	1.71825E-4	0.00459
2942.446	2.06501E-4	0.00558
2943.952	1.73833E-4	0.00591
2945.458	1.35735E-4	0.00467
2946.964	1.65919E-4	0.00447
2948.47	1.7121E-4	0.00495
2949.976	2.38498E-4	0.00456
2951.482	2.04467E-4	0.00484
2952.988	2.06025E-4	0.00536
2954.494	2.12337E-4	0.00507
2956	3.78074E-4	0.00483
2957.506	3.48587E-5	0.00484
2959.012	2.80815E-4	0.00512
2960.518	2.03554E-4	0.0049
2962.024	1.37177E-4	0.00538
2963.53	1.7516E-4	0.00475
2965.036	2.10687E-4	0.00473
2966.542	1.02869E-4	0.00525
2968.048	3.5144E-4	0.00592
2969.554	2.35153E-4	0.00516
2971.06	2.09124E-4	0.00474
2972.566	1.35114E-4	0.00453
2974.072	2.44099E-4	0.00506
2975.578	1.36036E-4	0.00537
2977.084	2.75739E-4	0.00467
2978.59	1.34999E-4	0.00473
2980.096	1.67781E-4	0.00546
2981.602	2.3528E-4	0.00458
2983.108	1.00983E-4	0.00504
2984.614	2.71727E-4	0.00463
2986.12	1.3775E-4	0.00531
2987.626	3.34345E-4	0.0053
2989.132	2.73139E-4	0.00499
2990.638	1.01056E-4	0.00469
2992.144	1.38461E-4	0.00462
2993.65	1.7218E-4	0.00496
2995.156	3.09312E-4	0.00465
2996.662	2.30898E-4	0.00452
2998.168	2.32392E-4	0.00503
2999.674	1.00664E-4	0.00507
3001.18	2.34224E-4	0.00435
3002.686	1.99698E-4	0.00499
3004.192	1.66705E-4	0.0047
3005.698	3.37543E-4	0.00525
3007.204	1.31198E-4	0.00484
3008.71	3.05753E-4	0.00453
3010.216	1.41335E-4	0.0048
3011.722	2.83219E-4	0.00546
3013.228	3.30889E-4	0.00502
3014.734	2.42718E-4	0.00503
3016.24	2.05402E-4	0.0051
3017.746	2.06286E-4	0.00467
3019.252	2.75843E-4	0.00489
3020.758	1.37372E-4	0.0057
3022.264	3.51003E-4	0.00498
3023.77	3.42246E-4	0.00473
3025.276	1.68867E-4	0.00543
3026.782	2.05157E-4	0.00443
3028.288	1.67454E-4	0.00512
3029.794	2.05493E-4	0.00516
3031.3	6.93976E-5	0.00434
3032.806	2.3972E-4	0.00514
3034.312	3.97815E-4	0.00484
3035.818	2.96685E-4	0.00413
3037.324	2.04036E-4	0.00516
3038.83	1.0726E-4	0.00541
3040.336	2.2985E-4	0.00512
3041.842	2.00412E-4	0.00559
3043.348	2.74682E-4	0.00523
3044.854	3.43917E-4	0.00449
3046.36	1.74754E-4	0.0045
3047.866	1.40144E-4	0.00435
3049.372	2.72258E-4	0.00533
3050.878	1.31807E-4	0.00523
3052.384	2.43639E-4	0.00538
3053.89	2.49715E-4	0.00486
3055.396	2.08412E-4	0.00479
3056.902	2.32476E-4	0.00498
3058.408	3.43665E-5	0.00465
3059.914	2.71631E-4	0.00497
3061.42	6.70006E-5	0.00418
3062.926	2.31435E-4	0.00496
3064.432	2.11372E-4	0.00467
3065.938	1.77271E-4	0.0049
3067.444	3.29942E-4	0.00564
3068.95	1.76794E-4	0.00581
3070.456	3.35991E-4	0.0047
3071.962	3.02944E-4	0.00509
3073.468	2.68991E-4	0.00548
3074.974	3.44774E-4	0.00482
3076.48	2.34588E-4	0.00434
3077.986	2.04823E-4	0.00457
3079.492	2.87359E-4	0.0043
3080.998	2.04216E-4	0.00479
3082.505	1.74651E-4	0.00502
3084.011	2.06405E-4	0.005
3085.517	2.38414E-4	0.00444
3087.023	1.42256E-4	0.00547
3088.529	3.39167E-5	0.00433
3090.035	2.11742E-4	0.00484
3091.541	1.72444E-4	0.00491
3093.047	1.3538E-4	0.00501
3094.553	2.02156E-4	0.00447
3096.059	7.00688E-5	0.00543
3097.565	1.7132E-4	0.005
3099.071	1.97912E-4	0.00493
3100.577	3.83111E-4	0.0055
3102.083	2.00076E-4	0.00487
3103.589	2.0567E-4	0.00553
3105.095	2.42512E-4	0.00462
3106.601	3.04013E-4	0.00473
3108.107	2.6655E-4	0.00458
3109.613	2.67736E-4	0.00475
3111.119	1.98381E-4	0.00511
3112.625	2.41282E-4	0.00508
3114.131	2.34032E-4	0.00496
3115.637	1.34952E-4	0.00443
3117.143	1.74125E-4	0.00509
3118.649	1.36865E-4	0.00478
3120.155	3.03663E-4	0.0051
3121.661	6.92581E-5	0.00476
3123.167	3.02326E-4	0.00421
3124.673	1.35049E-4	0.00441
3126.179	2.1096E-4	0.00431
3127.685	2.05861E-4	0.00496
3129.191	1.00529E-4	0.00471
3130.697	1.00075E-4	0.00464
3132.203	2.71899E-4	0.00477
3133.709	3.14656E-4	0.00563
3135.215	1.69003E-4	0.00433
3136.721	2.76785E-4	0.00491
3138.227	3.40606E-4	0.00433
3139.733	2.06887E-4	0.00485
3141.239	1.13391E-4	0.00684
3142.745	2.79821E-4	0.00698
3144.251	2.0086E-4	0.00663
3145.757	1.13352E-4	0.00572
3147.263	1.95375E-4	0.00574
3148.769	1.05669E-4	0.00616
3150.275	0	0.00525
3151.781	1.43536E-4	0.0055
3153.287	2.47303E-4	0.00529
3154.793	2.86642E-4	0.00505
3156.299	2.09761E-4	0.0054
3157.805	2.81516E-4	0.00466
3159.311	2.0453E-4	0.00532
3160.817	1.77502E-4	0.0047
3162.323	2.34736E-4	0.00552
3163.829	1.03767E-4	0.00486
3165.335	1.36446E-4	0.00494
3166.841	2.80796E-4	0.00552
3168.347	1.40252E-4	0.00488
3169.853	2.69687E-4	0.00505
3171.359	2.07187E-4	0.00553
3172.865	1.6421E-4	0.00532
3174.371	1.05768E-4	0.00496
3175.877	3.89792E-4	0.0049
3177.383	2.05103E-4	0.00478
3178.889	3.16662E-4	0.00522
3180.395	5.38948E-4	0.00478
3181.901	1.0283E-4	0.00478
3183.407	2.01237E-4	0.00486
3184.913	2.40699E-4	0.00515
3186.419	2.70352E-4	0.00534
3187.925	2.37329E-4	0.00477
3189.431	1.69651E-4	0.00433
3190.937	3.39986E-5	0.00471
3192.443	2.40278E-4	0.00504
3193.949	2.26707E-4	0.00488
3195.455	2.32158E-4	0.00438
3196.961	3.43741E-5	0.00485
3198.467	6.58459E-5	0.00488
3199.973	2.58521E-4	0.0046
3201.479	1.27749E-4	0.00417
3202.985	2.69272E-4	0.00422
3204.491	2.92294E-4	0.00486
3205.997	1.63158E-4	0.00419
3207.503	1.63766E-4	0.00407
3209.009	1.23266E-4	0.00415
3210.515	1.31521E-4	0.00437
3212.021	2.23179E-4	0.00362
3213.527	4.16887E-4	0.00424
3215.033	1.87633E-4	0.0047
3216.539	3.8485E-4	0.00434
3218.045	2.16859E-4	0.00456
3219.551	1.00373E-4	0.00444
3221.057	1.9603E-4	0.00556
3222.563	6.61467E-5	0.00448
3224.069	1.02299E-4	0.00474
3225.575	6.71923E-5	0.00493
3227.081	1.03545E-4	0.00437
3228.587	1.73685E-4	0.00584
3230.093	2.15355E-4	0.00525
3231.599	2.13555E-4	0.00491
3233.105	4.43153E-4	0.00688
3234.611	2.17874E-4	0.00595
3236.117	1.8152E-4	0.00587
3237.623	3.06957E-4	0.00519
3239.129	2.81267E-4	0.00669
3240.635	1.45376E-4	0.00552
3242.141	2.46321E-4	0.00534
3243.647	3.42738E-4	0.00525
3245.153	1.7578E-4	0.00468
3246.659	2.10649E-4	0.00449
3248.166	1.96952E-4	0.00479
3249.672	1.71932E-4	0.00557
3251.178	2.05443E-4	0.00515
3252.684	2.0024E-4	0.00476
3254.19	1.74557E-4	0.00553
3255.696	1.78783E-4	0.00449
3257.202	1.73646E-4	0.0047
3258.708	1.985E-4	0.00466
3260.214	2.04958E-4	0.00492
3261.72	1.62915E-4	0.00481
3263.226	1.7184E-4	0.00563
3264.732	1.37286E-4	0.00485
3266.238	1.38789E-4	0.00511
3267.744	2.34067E-4	0.00549
3269.25	1.02565E-4	0.00515
3270.756	2.4513E-4	0.00486
3272.262	1.70191E-4	0.00517
3273.768	3.21521E-4	0.00463
3275.274	7.00736E-5	0.00474
3276.78	1.70027E-4	0.00434
3278.286	1.04316E-4	0.00436
3279.792	3.07981E-4	0.00445
3281.298	1.34838E-4	0.00433
3282.804	1.0273E-4	0.00465
3284.31	1.36944E-4	0.005
3285.816	1.39532E-4	0.00438
3287.322	2.14402E-4	0.00396
3288.828	2.16709E-4	0.00531
3290.334	2.42843E-4	0.00419
3291.84	2.68705E-4	0.00497
3293.346	2.73453E-4	0.00484
3294.852	1.77385E-4	0.00522
3296.358	2.68252E-4	0.00472
3297.864	2.38278E-4	0.00485
3299.37	3.13398E-4	0.00481
3300.876	1.36986E-4	0.00447
3302.382	1.3504E-4	0.00467
3303.888	2.78895E-4	0.00417
3305.394	2.40219E-4	0.00478
3306.9	1.69625E-4	0.00411
3308.406	1.40211E-4	0.00511
3309.912	1.67018E-4	0.00515
3311.418	1.04473E-4	0.00442
3312.924	2.09648E-4	0.00501
3314.43	2.02517E-4	0.00466
3315.936	2.07025E-4	0.00451
3317.442	2.06231E-4	0.00438
3318.948	2.11752E-4	0.00458
3320.454	2.68956E-4	0.00458
3321.96	1.71445E-4	0.00493
3323.466	1.04017E-4	0.00491
3324.972	1.68156E-4	0.00478
3326.478	1.76923E-4	0.00473
3327.984	1.63631E-4	0.00402
3329.49	3.0923E-4	0.00422
3330.996	2.06483E-4	0.00501
3332.502	2.06533E-4	0.00442
3334.008	1.05944E-4	0.00454
3335.514	1.98741E-4	0.00465
3337.02	1.33249E-4	0.00455
3338.526	1.733E-4	0.00466
3340.032	2.08716E-4	0.00443
3341.538	1.72748E-4	0.00467
3343.044	3.38715E-5	0.00457
3344.55	1.67632E-4	0.00531
3346.056	3.3405E-4	0.00473
3347.562	1.00673E-4	0.00491
3349.068	6.86599E-5	0.00519
3350.574	2.29782E-4	0.00497
3352.08	2.02059E-4	0.00459
3353.586	3.04285E-4	0.0045
3355.092	1.73572E-4	0.00456
3356.598	2.7341E-4	0.00471
3358.104	2.44892E-4	0.00474
3359.61	1.65976E-4	0.00496
3361.116	1.33958E-4	0.00479
3362.622	2.03965E-4	0.00424
3364.128	2.75469E-4	0.00507
3365.634	1.38362E-4	0.00473
3367.14	1.05732E-4	0.00492
3368.646	1.71772E-4	0.00546
3370.152	3.70064E-4	0.00485
3371.658	1.03612E-4	0.00398
3373.164	6.86675E-5	0.00463
3374.67	2.07154E-4	0.00448
3376.176	2.39869E-4	0.00461
3377.682	1.43473E-4	0.00448
3379.188	2.3886E-4	0.0051
3380.694	2.74003E-4	0.00464
3382.2	1.72436E-4	0.00506
3383.706	2.67528E-4	0.00464
3385.212	1.6843E-4	0.00445
3386.718	1.05504E-4	0.00421
3388.224	1.7518E-4	0.00463
3389.73	1.68617E-4	0.0047
3391.236	1.68801E-4	0.00458
3392.742	1.70247E-4	0.00461
3394.248	1.70367E-4	0.00473
3395.754	1.05146E-4	0.00531
3397.26	2.34259E-4	0.00419
3398.766	2.04319E-4	0.00502
3400.272	3.49043E-4	0.00487
3401.778	2.03987E-4	0.00547
3403.284	2.85902E-4	0.00511
3404.79	2.39742E-4	0.00575
3406.296	2.35577E-4	0.005
3407.802	2.69787E-4	0.00434
3409.308	1.72925E-4	0.00484
3410.814	2.11175E-4	0.00488
3412.321	1.4086E-4	0.00504
3413.827	2.38016E-4	0.00453
3415.333	1.35194E-4	0.00452
3416.839	1.74659E-4	0.00469
3418.345	3.09779E-4	0.0046
3419.851	1.72736E-4	0.00457
3421.357	1.97676E-4	0.00453
3422.863	1.33952E-4	0.00477
3424.369	1.4238E-4	0.00473
3425.875	2.71762E-4	0.00437
3427.381	2.68095E-4	0.00484
3428.887	2.04045E-4	0.00508
3430.393	2.49068E-4	0.00457
3431.899	2.78883E-4	0.00481
3433.405	3.04937E-4	0.00467
3434.911	1.40411E-4	0.00469
3436.417	1.00332E-4	0.00458
3437.923	1.70795E-4	0.00422
3439.429	6.66949E-5	0.00441
3440.935	2.06089E-4	0.00458
3442.441	2.08417E-4	0.00432
3443.947	1.37247E-4	0.00479
3445.453	1.75672E-4	0.00486
3446.959	3.40763E-5	0.00419
3448.465	2.38011E-4	0.00442
3449.971	1.01546E-4	0.0051
3451.477	1.7486E-4	0.00456
3452.983	3.05786E-4	0.00415
3454.489	1.0036E-4	0.00449
3455.995	1.0363E-4	0.0047
3457.501	2.04301E-4	0.00431
3459.007	1.41729E-4	0.00405
3460.513	1.99659E-4	0.00469
3462.019	1.73724E-4	0.00472
3463.525	2.36383E-4	0.0039
3465.031	1.67353E-4	0.0044
3466.537	2.4481E-4	0.00473
3468.043	1.38346E-4	0.00439
3469.549	1.33146E-4	0.00447
3471.055	2.32831E-4	0.00402
3472.561	1.40691E-4	0.00418
3474.067	2.85895E-4	0.00455
3475.573	1.43699E-4	0.00419
3477.079	1.02817E-4	0.00468
3478.585	2.06272E-4	0.00433
3480.091	1.01668E-4	0.00381
3481.597	1.31751E-4	0.00477
3483.103	1.65332E-4	0.00492
3484.609	3.96373E-4	0.00432
3486.115	1.29889E-4	0.0045
3487.621	3.79665E-4	0.00414
3489.127	1.98988E-4	0.00452
3490.633	1.35569E-4	0.00454
3492.139	1.37107E-4	0.00395
3493.645	1.33335E-4	0.00454
3495.151	1.34935E-4	0.00377
3496.657	1.70648E-4	0.00473
3498.163	1.33767E-4	0.00471
3499.669	3.01158E-4	0.00503
3501.175	1.69458E-4	0.00401
3502.681	3.01698E-4	0.00452
3504.187	6.78142E-5	0.00483
3505.693	3.41921E-4	0.00453
3507.199	2.74713E-4	0.00457
3508.705	3.10469E-4	0.00436
3510.211	2.4312E-4	0.00486
3511.717	2.79814E-4	0.00374
3513.223	3.11377E-4	0.00442
3514.729	3.12969E-4	0.00382
3516.235	2.69758E-4	0.00388
3517.741	2.39832E-4	0.00402
3519.247	3.19417E-4	0.00504
3520.753	2.76779E-4	0.00379
3522.259	2.02968E-4	0.00421
3523.765	1.75947E-4	0.00416
3525.271	1.01628E-4	0.00436
3526.777	1.01391E-4	0.00414
3528.283	2.14076E-4	0.00454
3529.789	1.71395E-4	0.00459
3531.295	1.06006E-4	0.00456
3532.801	1.6925E-4	0.00457
3534.307	2.69277E-4	0.00522
3535.813	3.26149E-4	0.00506
3537.319	1.21792E-4	0.00515
3538.825	2.69475E-4	0.00594
3540.331	2.93531E-4	0.00514
3541.837	1.80372E-4	0.00541
3543.343	2.1096E-4	0.00489
3544.849	1.76903E-4	0.0048
3546.355	2.8079E-4	0.00447
3547.861	2.34781E-4	0.00413
3549.367	2.41944E-4	0.00437
3550.873	1.74584E-4	0.00484
3552.379	3.08922E-4	0.00474
3553.885	1.36889E-4	0.00441
3555.391	2.73338E-4	0.00502
3556.897	1.71452E-4	0.00458
3558.403	1.75804E-4	0.00439
3559.909	2.75531E-4	0.00511
3561.415	1.43014E-4	0.00443
3562.921	1.33778E-4	0.00452
3564.427	2.03621E-4	0.00454
3565.933	3.38915E-5	0.00467
3567.439	1.66476E-4	0.00509
3568.945	1.70269E-4	0.00466
3570.451	2.05456E-4	0.00427
3571.957	1.36699E-4	0.00406
3573.463	1.69458E-4	0.00437
3574.969	1.36756E-4	0.00408
3576.475	3.07953E-4	0.00466
3577.982	1.70942E-4	0.00434
3579.488	2.40651E-4	0.0042
3580.994	1.35273E-4	0.00455
3582.5	1.70442E-4	0.00431
3584.006	1.64681E-4	0.00406
3585.512	2.40608E-4	0.00387
3587.018	3.49035E-4	0.00474
3588.524	3.35453E-4	0.00516
3590.03	1.02687E-4	0.00388
3591.536	2.30529E-4	0.00443
3593.042	3.09463E-4	0.00396
3594.548	1.05275E-4	0.00479
3596.054	2.01857E-4	0.00484
3597.56	1.64751E-4	0.00495
3599.066	6.59932E-5	0.00444
3600.572	1.32014E-4	0.00473
3602.078	2.00093E-4	0.00412
3603.584	2.98304E-4	0.00466
3605.09	1.71657E-4	0.00445
3606.596	2.00785E-4	0.00433
3608.102	1.01444E-4	0.00422
3609.608	1.6634E-4	0.00464
3611.114	3.36816E-5	0.00439
3612.62	2.3787E-4	0.00427
3614.126	3.03359E-4	0.0044
3615.632	2.38152E-4	0.00445
3617.138	9.97182E-5	0.00403
3618.644	3.09114E-4	0.00457
3620.15	2.42257E-4	0.00374
3621.656	2.3592E-4	0.00449
3623.162	1.02445E-4	0.00436
3624.668	1.7121E-4	0.00442
3626.174	1.69662E-4	0.00457
3627.68	2.3721E-4	0.00517
3629.186	3.72148E-4	0.00439
3630.692	2.41901E-4	0.00452
3632.198	1.38454E-4	0.00426
3633.704	1.37189E-4	0.00448
3635.21	2.06272E-4	0.00441
3636.716	1.99698E-4	0.00478
3638.222	1.01172E-4	0.00416
3639.728	3.44184E-4	0.00399
3641.234	1.75176E-4	0.0045
3642.74	2.71245E-4	0.00424
3644.246	2.45108E-4	0.00485
3645.752	2.03737E-4	0.00461
3647.258	1.73401E-4	0.00478
3648.764	2.46114E-4	0.00436
3650.27	1.36365E-4	0.00432
3651.776	1.75812E-4	0.00435
3653.282	2.92825E-4	0.004
3654.788	2.44006E-4	0.00461
3656.294	2.42452E-4	0.00535
3657.8	1.3705E-4	0.00539
3659.306	1.97328E-4	0.0043
3660.812	2.4904E-4	0.00374
3662.318	2.1512E-4	0.00398
3663.824	1.95132E-4	0.00382
3665.33	1.94361E-4	0.00439
3666.836	2.00806E-4	0.00448
3668.342	2.03925E-4	0.00438
3669.848	2.35643E-4	0.00344
3671.354	3.08621E-4	0.00452
3672.86	2.0299E-4	0.00396
3674.366	1.8007E-4	0.00521
3675.872	3.8574E-4	0.0062
3677.378	2.90971E-4	0.00532
3678.884	2.04634E-4	0.00477
3680.39	2.02332E-4	0.00454
3681.896	1.04187E-4	0.00449
3683.402	3.75236E-4	0.00481
3684.908	2.40262E-4	0.00382
3686.414	6.63365E-5	0.00484
3687.92	2.15165E-4	0.00443
3689.426	1.06484E-4	0.0047
3690.932	3.209E-4	0.00463
3692.438	3.18048E-4	0.00429
3693.944	2.38456E-4	0.00425
3695.45	1.39894E-4	0.00533
3696.956	2.40171E-4	0.00419
3698.462	1.38705E-4	0.00422
3699.968	2.32457E-4	0.0039
3701.474	3.15588E-4	0.00416
3702.98	6.84673E-5	0.00425
3704.486	2.37782E-4	0.00463
3705.992	1.7318E-4	0.00446
3707.498	3.03854E-4	0.00428
3709.004	1.30692E-4	0.00395
3710.51	2.88428E-4	0.00447
3712.016	1.37053E-4	0.00457
3713.522	2.05198E-4	0.00364
3715.028	2.44259E-4	0.00453
3716.534	2.37605E-4	0.00402
3718.04	1.38161E-4	0.00453
3719.546	1.02533E-4	0.00432
3721.052	2.75365E-4	0.00458
3722.558	2.07053E-4	0.00477
3724.064	2.4249E-4	0.00456
3725.57	2.3761E-4	0.00458
3727.076	6.79569E-5	0.00514
3728.582	3.1368E-4	0.00408
3730.088	3.35076E-4	0.00414
3731.594	1.99556E-4	0.00404
3733.1	3.39911E-5	0.00381
3734.606	2.39996E-4	0.00386
3736.112	3.01379E-4	0.0042
3737.618	4.76399E-4	0.0045
3739.124	6.91932E-5	0.00421
3740.63	2.17265E-4	0.0037
3742.137	2.46142E-4	0.0041
3743.643	2.16739E-4	0.00363
3745.149	1.74809E-4	0.00387
3746.655	1.35753E-4	0.00462
3748.161	1.32909E-4	0.00393
3749.667	1.05804E-4	0.00466
3751.173	1.3715E-4	0.00451
3752.679	3.1266E-4	0.00459
3754.185	2.06588E-4	0.00523
3755.691	1.36518E-4	0.00399
3757.197	2.05761E-4	0.00522
3758.703	2.34934E-4	0.00412
3760.209	2.01691E-4	0.00457
3761.715	2.70671E-4	0.00356
3763.221	2.73742E-4	0.00403
3764.727	2.36697E-4	0.00422
3766.233	2.79442E-4	0.00458
3767.739	2.06098E-4	0.00365
3769.245	2.3866E-4	0.0044
3770.751	4.3525E-4	0.00399
3772.257	1.39932E-4	0.00404
3773.763	1.43863E-4	0.00439
3775.269	2.7218E-4	0.00462
3776.775	1.43265E-4	0.00511
3778.281	1.05294E-4	0.00429
3779.787	3.7707E-4	0.004
3781.293	2.05139E-4	0.0042
3782.799	2.02191E-4	0.00427
3784.305	1.95436E-4	0.00367
3785.811	6.6103E-5	0.00383
3787.317	1.93137E-4	0.00392
3788.823	2.28465E-4	0.0041
3790.329	2.70311E-4	0.00461
3791.835	2.04283E-4	0.00512
3793.341	3.40449E-4	0.00365
3794.847	3.41838E-5	0.00423
3796.353	1.99065E-4	0.00388
3797.859	1.41293E-4	0.00384
3799.365	1.37092E-4	0.00459
3800.871	2.43186E-4	0.00402
3802.377	1.37347E-4	0.00388
3803.883	2.77181E-4	0.00373
3805.389	2.4994E-4	0.00384
3806.895	1.3666E-4	0.00381
3808.401	1.03008E-4	0.00432
3809.907	2.70464E-4	0.00464
3811.413	3.02615E-4	0.00434
3812.919	0	0.00428
3814.425	2.03354E-4	0.00399
3815.931	2.09666E-4	0.00396
3817.437	2.09567E-4	0.00463
3818.943	2.07284E-4	0.00423
3820.449	7.01576E-5	0.00432
3821.955	2.07496E-4	0.00428
3823.461	2.84375E-4	0.00356
3824.967	2.72785E-4	0.00394
3826.473	3.93704E-4	0.00386
3827.979	6.73544E-5	0.00429
3829.485	1.74302E-4	0.00464
3830.991	1.73157E-4	0.00451
3832.497	2.78638E-4	0.00436
3834.003	1.07665E-4	0.00508
3835.509	3.4575E-4	0.00517
3837.015	2.4006E-4	0.00438
3838.521	3.1799E-4	0.00426
3840.027	1.3623E-4	0.00452
3841.533	1.04293E-4	0.00409
3843.039	1.36228E-4	0.00421
3844.545	1.37732E-4	0.00373
3846.051	2.76582E-4	0.00427
3847.557	1.75216E-4	0.0047
3849.063	1.37338E-4	0.00403
3850.569	3.0899E-4	0.00401
3852.075	3.51321E-4	0.00481
3853.581	2.05157E-4	0.00372
3855.087	3.04678E-4	0.00479
3856.593	7.04797E-5	0.00433
3858.099	2.09063E-4	0.00419
3859.605	2.41599E-4	0.00404
3861.111	1.73618E-4	0.0047
3862.617	6.88031E-5	0.00441
3864.123	2.67655E-4	0.00484
3865.629	1.76947E-4	0.00412
3867.135	3.72995E-4	0.00448
3868.641	2.69342E-4	0.00445
3870.147	1.4182E-4	0.00415
3871.653	2.06565E-4	0.00462
3873.159	1.7576E-4	0.00391
3874.665	1.7409E-4	0.00416
3876.171	3.1259E-4	0.00479
3877.677	3.3041E-4	0.00432
3879.183	2.56458E-4	0.00524
3880.689	4.3947E-4	0.00506
3882.195	1.11391E-4	0.00523
3883.701	2.32242E-4	0.00482
3885.207	3.80554E-4	0.00455
3886.713	2.53772E-4	0.00377
3888.219	1.72038E-4	0.00439
3889.725	1.39614E-4	0.00511
3891.231	1.37909E-4	0.00445
3892.737	1.73339E-4	0.0039
3894.243	2.46904E-4	0.00439
3895.749	2.37834E-4	0.00379
3897.255	1.38693E-4	0.00472
3898.761	1.04897E-4	0.00396
3900.267	2.51311E-4	0.00356
3901.773	1.01252E-4	0.0041
3903.279	3.68543E-4	0.00447
3904.785	3.46701E-5	0.00417
3906.291	1.36977E-4	0.00442
3907.798	2.12789E-4	0.00447
3909.304	1.7337E-4	0.00457
3910.81	1.75251E-4	0.00382
3912.316	1.04328E-4	0.00449
3913.822	2.07515E-4	0.00367
3915.328	1.38371E-4	0.00478
3916.834	1.02669E-4	0.00391
3918.34	2.85797E-4	0.00372
3919.846	1.02389E-4	0.00418
3921.352	1.04489E-4	0.00438
3922.858	2.73459E-4	0.0046
3924.364	6.74864E-5	0.00439
3925.87	2.67863E-4	0.0037
3927.376	2.01905E-4	0.0042
3928.882	1.38973E-4	0.00429
3930.388	1.71304E-4	0.00394
3931.894	2.42647E-4	0.0036
3933.4	2.80688E-4	0.00379
3934.906	1.3453E-4	0.00398
3936.412	1.6977E-4	0.00403
3937.918	1.75529E-4	0.0039
3939.424	2.44738E-4	0.00378
3940.93	2.02442E-4	0.00422
3942.436	2.40587E-4	0.00422
3943.942	2.42924E-4	0.00484
3945.448	2.40219E-4	0.00395
3946.954	2.45897E-4	0.00447
3948.46	2.03612E-4	0.00398
3949.966	3.08089E-4	0.0038
3951.472	1.70004E-4	0.00453
3952.978	3.41823E-4	0.00385
3954.484	1.43939E-4	0.00385
3955.99	2.1332E-4	0.00386
3957.496	2.0577E-4	0.0041
3959.002	1.33559E-4	0.00433
3960.508	4.136E-4	0.00408
3962.014	2.2381E-4	0.004
3963.52	1.03774E-4	0.00459
3965.026	1.36729E-4	0.00376
3966.532	2.84121E-4	0.00421
3968.038	1.35965E-4	0.0037
3969.544	1.72894E-4	0.00485
3971.05	2.77709E-4	0.00431
3972.556	1.70588E-4	0.00423
3974.062	1.04106E-4	0.00408
3975.568	1.04904E-4	0.00431
3977.074	2.12696E-4	0.00436
3978.58	2.35056E-4	0.00445
3980.086	1.72318E-4	0.00417
3981.592	5.26731E-4	0.0043
3983.098	2.39414E-4	0.00435
3984.604	1.03234E-4	0.00403
3986.11	1.33375E-4	0.00425
3987.616	2.73658E-4	0.00428
3989.122	1.0317E-4	0.00412
3990.628	2.68635E-4	0.00425
3992.134	1.75398E-4	0.00443
3993.64	2.11911E-4	0.00416
3995.146	3.18288E-4	0.00427
3996.652	2.36961E-4	0.00438
3998.158	2.37277E-4	0.00371
3999.664	1.68448E-4	0.00492
4001.17	1.33718E-4	0.00408
4002.676	3.50004E-4	0.00385
4004.182	3.4397E-4	0.00459
4005.688	3.43186E-4	0.00432
4007.194	5.24522E-4	0.00457
4008.7	3.06633E-4	0.00436
4010.206	1.00754E-4	0.00382
4011.712	1.40707E-4	0.00503
4013.218	2.40993E-4	0.00439
4014.724	2.06066E-4	0.00447
4016.23	2.08529E-4	0.00503
4017.736	1.32881E-4	0.00449
4019.242	2.7728E-4	0.00421
4020.748	1.71676E-4	0.00354
4022.254	3.06586E-4	0.0042
4023.76	1.35418E-4	0.00446
4025.266	1.73455E-4	0.00468
4026.772	2.37677E-4	0.00386
4028.278	3.44115E-4	0.00375
4029.784	2.82793E-4	0.0042
4031.29	1.05533E-4	0.00399
4032.796	2.72061E-4	0.00515
4034.302	1.37165E-4	0.00417
4035.808	2.10007E-4	0.00398
4037.314	3.17563E-4	0.00416
4038.82	3.40517E-4	0.00391
4040.326	2.06474E-4	0.00406
4041.832	1.3163E-4	0.00383
4043.338	2.01923E-4	0.00451
4044.844	1.34674E-4	0.00377
4046.35	2.01581E-4	0.00447
4047.856	2.59599E-4	0.00401
4049.362	2.00382E-4	0.00591
4050.868	3.33999E-4	0.00598
4052.374	2.12935E-4	0.0066
4053.88	4.06166E-4	0.00614
4055.386	2.68874E-4	0.00679
4056.892	2.39704E-4	0.00696
4058.398	2.40763E-4	0.00628
4059.904	4.84429E-4	0.00543
4061.41	3.341E-4	0.00587
4062.916	2.03599E-4	0.00574
4064.422	2.39398E-4	0.00565
4065.928	1.72779E-4	0.00502
4067.434	2.80529E-4	0.00502
4068.94	3.09676E-4	0.00499
4070.446	4.43627E-4	0.00418
4071.953	3.47043E-4	0.00457
4073.459	1.04583E-4	0.00331
4074.965	4.56325E-4	0.00332
4076.471	1.02249E-4	0.00379
4077.977	2.7965E-4	0.00359
4079.483	3.52776E-4	0.00366
4080.989	2.96824E-4	0.00289
4082.495	3.41763E-4	0.00211
4084.001	3.06283E-4	0.00314
4085.507	2.36832E-4	0.00255
4087.013	1.38158E-4	0.00246
4088.519	1.05006E-4	0.0018
4090.025	2.41793E-4	0.00162
4091.531	3.42624E-4	0.00253
4093.037	3.85614E-4	0.00178
4094.543	1.3711E-4	0.00182
4096.049	3.42216E-4	0.0017
4097.555	2.87812E-4	0.00183
4099.061	3.49311E-4	0.00166
4100.567	1.39394E-4	0.00145
4102.073	2.73779E-4	0.00157
4103.579	2.37438E-4	0.00141
4105.085	1.75474E-4	0.0014
4106.591	2.7668E-4	0.00104
4108.097	3.09731E-4	0.00103
4109.603	2.11926E-4	9.56109E-4
4111.109	3.13637E-4	0.00124
4112.615	2.05693E-4	0.00113
4114.121	2.07932E-4	0.00131
4115.627	1.36699E-4	0.00137
4117.133	2.42707E-4	0.00103
4118.639	5.45414E-4	0.00116
4120.145	1.70292E-4	0.00112
4121.651	3.08812E-4	0.00127
4123.157	1.35842E-4	0.00109
4124.663	1.41914E-4	0.00111
4126.169	1.75247E-4	0.00122
4127.675	2.08637E-4	7.59489E-4
4129.181	1.05727E-4	0.00103
4130.687	1.98597E-4	9.79389E-4
4132.193	2.75066E-4	8.97422E-4
4133.699	1.42475E-4	7.76349E-4
4135.205	2.1524E-4	7.04081E-4
4136.711	1.74364E-4	8.42142E-4
4138.217	1.71346E-4	0.00133
4139.723	2.84839E-4	6.6357E-4
4141.229	6.79108E-5	0.00102
4142.735	3.40577E-4	7.93343E-4
4144.241	1.39567E-4	0.00102