Time	Ir	Co
					
s	ng cm-2 s-1	ng cm-2 s-1
-51.5	1.46067E-4	1.07798E-4
-49.994	2.69385E-4	2.27106E-4
-48.488	1.30264E-4	2.0057E-4
-46.982	3.44023E-4	3.21296E-4
-45.476	2.96264E-4	2.47452E-4
-43.97	1.9091E-4	6.75839E-4
-42.464	3.22573E-4	1.99274E-4
-40.958	0.00118	5.21727E-4
-39.452	2.11104E-4	2.33269E-4
-37.946	1.23338E-4	1.53649E-4
-36.44	1.31589E-4	4.02348E-4
-34.934	1.96784E-4	9.43903E-5
-33.428	1.2213E-4	1.57741E-4
-31.922	1.63196E-4	3.80997E-4
-30.416	3.35682E-4	4.00834E-4
-28.91	3.10836E-4	5.26983E-4
-27.404	2.29615E-4	6.64273E-4
-25.898	7.47282E-5	1.37338E-4
-24.392	2.37266E-4	1.67337E-4
-22.886	2.0717E-4	2.18055E-4
-21.38	9.58289E-5	4.08905E-4
-19.874	2.14458E-4	1.52524E-4
-18.368	1.57219E-4	2.32832E-4
-16.862	1.87877E-4	2.7659E-4
-15.356	1.80226E-4	9.78819E-5
-13.85	2.17312E-4	1.43966E-4
-12.344	1.58727E-4	2.69957E-4
-10.838	3.51648E-4	4.1231E-4
-9.332	2.63427E-4	6.84145E-5
-7.826	2.94173E-4	1.54644E-4
-6.32	3.27241E-4	1.96116E-4
-4.814	2.58853E-4	9.30244E-5
-3.308	6.82683E-4	2.6122E-4
-1.802	1.24168E-4	1.54006E-4
-0.296	1.98072E-4	2.95389E-4
1.21	1.75431E-4	1.32615E-4
2.716	5.71671E-5	2.66601E-4
4.222	1.3071E-4	7.57002E-4
5.728	1.70072E-4	0
7.234	1.48201E-4	4.57949E-5
8.74	1.44824E-4	5.59838E-5
10.246	5.59415E-5	1.88121E-4
11.752	2.47072E-4	2.21381E-4
13.258	1.83722E-4	2.02819E-4
14.764	2.6165E-4	1.13772E-4
16.27	4.52141E-4	3.42987E-4
17.776	4.84874E-4	0.20818
19.282	0.00194	3.22482
20.788	0.00322	4.89243
22.294	0.00375	5.8229
23.8	0.00386	6.22113
25.306	0.00486	6.90664
26.812	0.0043	7.18042
28.318	0.00491	7.59825
29.824	0.00594	7.9823
31.33	0.00639	8.13962
32.836	0.00572	7.72704
34.342	0.00652	7.51174
35.848	0.00515	7.24885
37.354	0.00574	7.31863
38.86	0.00693	7.2182
40.366	0.00683	7.10615
41.872	0.00607	7.31753
43.378	0.00779	7.28705
44.884	0.00694	6.72049
46.39	0.00702	6.65346
47.896	0.00845	6.62748
49.402	0.00627	6.01227
50.908	0.00817	5.72573
52.414	0.00711	5.52996
53.92	0.00729	5.03513
55.426	0.00695	4.68179
56.932	0.00587	4.39318
58.438	0.00639	4.02005
59.944	0.00682	3.95655
61.45	0.0057	3.54505
62.956	0.00608	3.32333
64.462	0.0056	3.12468
65.968	0.00606	2.86597
67.474	0.00521	2.61596
68.98	0.00543	2.47252
70.486	0.00491	2.33907
71.992	0.00454	2.25389
73.498	0.00458	2.07205
75.004	0.00419	2.0679
76.51	0.00547	1.93127
78.016	0.00469	1.79668
79.522	0.00418	1.69027
81.028	0.00396	1.58828
82.534	0.00435	1.43034
84.04	0.00413	1.35389
85.546	0.00378	1.32271
87.052	0.00376	1.28024
88.558	0.00372	1.19907
90.064	0.00349	1.18129
91.57	0.00343	1.1277
93.076	0.00326	1.07712
94.582	0.00358	1.03241
96.088	0.00368	1.00226
97.594	0.00255	0.95329
99.1	0.00311	0.95517
100.606	0.00366	0.90358
102.112	0.00297	0.93179
103.618	0.00292	0.87572
105.124	0.00276	0.86087
106.63	0.00299	0.78672
108.136	0.003	0.76057
109.642	0.003	0.71729
111.148	0.00229	0.69031
112.655	0.0019	0.67936
114.161	0.00286	0.67127
115.667	0.00221	0.65104
117.173	0.00205	0.64128
118.679	0.00205	0.60972
120.185	0.0031	0.61814
121.691	0.00289	0.58303
123.197	0.00218	0.61418
124.703	0.00255	0.5612
126.209	0.00176	0.57845
127.715	0.00231	0.55523
129.221	0.00182	0.50165
130.727	0.0018	0.4644
132.233	0.00182	0.43948
133.739	0.00184	0.44577
135.245	0.00213	0.4112
136.751	0.0021	0.43043
138.257	0.00238	0.46918
139.763	0.00192	0.4865
141.269	0.0029	0.58664
142.775	0.00243	0.61992
144.281	0.00205	0.53541
145.787	0.0017	0.47889
147.293	0.00158	0.42404
148.799	0.00145	0.40878
150.305	0.00154	0.40503
151.811	0.00191	0.40147
153.317	0.00178	0.38236
154.823	0.00171	0.37936
156.329	0.00133	0.37962
157.835	0.00179	0.38518
159.341	0.0016	0.37145
160.847	0.00181	0.36702
162.353	0.00145	0.36318
163.859	0.00109	0.36014
165.365	0.0019	0.35342
166.871	0.00214	0.36035
168.377	0.0017	0.35278
169.883	0.00181	0.32476
171.389	0.00117	0.32313
172.895	0.00193	0.3433
174.401	0.00151	0.32991
175.907	0.00114	0.31037
177.413	0.00141	0.31474
178.919	0.00131	0.31322
180.425	0.00148	0.31344
181.931	0.0018	0.32422
183.437	0.00176	0.3111
184.943	0.00132	0.32124
186.449	0.00136	0.30063
187.955	0.00156	0.28471
189.461	0.00196	0.30477
190.967	0.00172	0.29475
192.473	0.00139	0.29533
193.979	0.00104	0.28888
195.485	0.00126	0.28939
196.991	0.00173	0.28924
198.497	0.0015	0.29393
200.003	0.00152	0.2969
201.509	0.00162	0.28559
203.015	0.00197	0.30013
204.521	0.0019	0.27976
206.027	0.00139	0.28325
207.533	0.00156	0.28269
209.039	0.00188	0.27802
210.545	0.00134	0.27393
212.051	0.00156	0.26129
213.557	0.00152	0.25599
215.063	0.00174	0.25772
216.569	0.00143	0.25601
218.075	0.00153	0.24932
219.581	0.00205	0.2437
221.087	0.00137	0.25162
222.593	0.00156	0.24239
224.099	0.00132	0.23979
225.605	0.00169	0.23697
227.111	0.00116	0.24574
228.617	0.0012	0.24265
230.123	0.00112	0.25043
231.629	0.00121	0.23972
233.135	0.00145	0.2201
234.641	0.00151	0.22272
236.147	0.00144	0.22922
237.653	0.00168	0.23225
239.159	0.00129	0.23501
240.665	0.00148	0.27308
242.171	0.00181	0.27147
243.677	0.00127	0.27346
245.183	0.00101	0.26157
246.689	0.00151	0.253
248.195	0.00141	0.23996
249.701	8.80247E-4	0.22604
251.207	0.00132	0.22384
252.713	0.00109	0.22148
254.219	7.71786E-4	0.21078
255.725	6.90389E-4	0.20645
257.231	0.00163	0.21186
258.737	0.0012	0.19953
260.243	0.00108	0.19805
261.749	9.68831E-4	0.20199
263.255	0.00136	0.19867
264.761	0.00137	0.19886
266.267	0.00134	0.20677
267.773	0.00126	0.19966
269.279	0.00138	0.20024
270.785	0.00138	0.19391
272.291	0.00151	0.1946
273.797	0.00109	0.189
275.303	9.38361E-4	0.18774
276.809	0.00123	0.20005
278.316	0.00111	0.20866
279.822	0.00135	0.20331
281.328	0.00156	0.19691
282.834	0.00142	0.18584
284.34	0.00147	0.18974
285.846	0.00131	0.18514
287.352	0.00141	0.18318
288.858	0.00117	0.17934
290.364	0.00107	0.18387
291.87	0.0016	0.18531
293.376	0.00118	0.18419
294.882	0.00103	0.17742
296.388	0.00132	0.17478
297.894	0.00149	0.17684
299.4	7.78655E-4	0.18588
300.906	0.00125	0.18839
302.412	0.00122	0.21686
303.918	0.00144	0.23933
305.424	0.00174	0.25736
306.93	0.00231	0.31748
308.436	0.00209	0.36533
309.942	0.00289	0.43996
311.448	0.0025	0.47497
312.954	0.00356	0.5314
314.46	0.00306	0.60943
315.966	0.00377	0.61623
317.472	0.00379	0.70882
318.978	0.00431	0.80227
320.484	0.00443	0.8726
321.99	0.00495	0.89597
323.496	0.00495	0.90351
325.002	0.00534	0.95559
326.508	0.00589	0.98231
328.014	0.0058	0.99747
329.52	0.00619	0.95652
331.026	0.00521	0.97637
332.532	0.00533	1.00813
334.038	0.00573	0.9609
335.544	0.00521	0.95263
337.05	0.00461	0.95656
338.556	0.00519	0.93381
340.062	0.00494	0.89149
341.568	0.00557	0.86575
343.074	0.00468	0.86117
344.58	0.00422	0.82939
346.086	0.0051	0.77451
347.592	0.00479	0.7464
349.098	0.00403	0.68691
350.604	0.00403	0.67809
352.11	0.00429	0.64542
353.616	0.00445	0.62711
355.122	0.00425	0.60498
356.628	0.00425	0.5804
358.134	0.00418	0.54338
359.64	0.00297	0.51031
361.146	0.00352	0.51644
362.652	0.00329	0.47355
364.158	0.00373	0.46747
365.664	0.00339	0.45985
367.17	0.00331	0.41739
368.676	0.00311	0.47363
370.182	0.00321	0.4413
371.688	0.00236	0.44188
373.194	0.00258	0.41973
374.7	0.00227	0.41521
376.206	0.00248	0.41543
377.712	0.00226	0.40918
379.218	0.00254	0.40554
380.724	0.00179	0.40846
382.23	0.00241	0.41936
383.736	0.0022	0.41097
385.242	0.00213	0.40741
386.748	0.00199	0.41734
388.254	0.00144	0.40722
389.76	0.00214	0.40847
391.266	0.00196	0.40095
392.772	0.0018	0.40999
394.278	0.00141	0.39421
395.784	0.00155	0.40236
397.29	0.0014	0.37841
398.796	0.00133	0.38988
400.302	0.0012	0.38372
401.808	0.00153	0.364
403.314	0.00158	0.35687
404.82	0.00173	0.35888
406.326	0.00112	0.36925
407.832	0.00132	0.33933
409.338	0.00106	0.32886
410.844	0.00113	0.33424
412.35	0.00133	0.3341
413.856	0.00127	0.32255
415.362	8.08925E-4	0.30679
416.868	9.83402E-4	0.29699
418.374	0.00158	0.29031
419.88	0.00113	0.27537
421.386	7.84311E-4	0.28024
422.892	0.00145	0.2698
424.398	0.00142	0.25125
425.904	0.00101	0.20233
427.41	6.19363E-4	0.15899
428.916	9.76093E-4	0.17278
430.422	0.00104	0.2
431.928	0.00115	0.21031
433.434	9.71525E-4	0.20316
434.94	6.32828E-4	0.20616
436.446	7.75186E-4	0.20522
437.952	7.41042E-4	0.21253
439.458	8.65257E-4	0.20842
440.964	6.25642E-4	0.2118
442.471	0.00102	0.21286
443.977	6.43944E-4	0.20978
445.483	6.67818E-4	0.20602
446.989	7.70007E-4	0.20474
448.495	8.26148E-4	0.20576
450.001	4.00746E-4	0.20507
451.507	9.10564E-4	0.19524
453.013	0.00107	0.19098
454.519	7.54939E-4	0.18636
456.025	0.00105	0.1862
457.531	7.74576E-4	0.18536
459.037	4.81714E-4	0.17831
460.543	5.33343E-4	0.17583
462.049	8.91205E-4	0.17726
463.555	6.12133E-4	0.17043
465.061	5.13328E-4	0.16383
466.567	7.06746E-4	0.16702
468.073	6.67921E-4	0.16416
469.579	4.04389E-4	0.15642
471.085	7.12473E-4	0.15507
472.591	5.871E-4	0.15876
474.097	6.21854E-4	0.15336
475.603	4.96542E-4	0.14727
477.109	7.73065E-4	0.15016
478.615	5.2804E-4	0.14514
480.121	6.14286E-4	0.14821
481.627	8.78311E-4	0.1561
483.133	8.47912E-4	0.15414
484.639	8.26827E-4	0.14584
486.145	6.52185E-4	0.14074
487.651	5.98898E-4	0.14154
489.157	7.00774E-4	0.13922
490.663	3.22138E-4	0.13426
492.169	5.4813E-4	0.13135
493.675	5.61083E-4	0.13117
495.181	5.20819E-4	0.13275
496.687	5.51685E-4	0.12291
498.193	6.13645E-4	0.11708
499.699	5.04667E-4	0.1201
501.205	2.52986E-4	0.13376
502.711	5.52356E-4	0.14104
504.217	4.96897E-4	0.13537
505.723	8.22034E-4	0.13086
507.229	5.60669E-4	0.12059
508.735	2.73378E-4	0.11731
510.241	7.02414E-4	0.11399
511.747	3.7033E-4	0.1241
513.253	4.04015E-4	0.12506
514.759	5.82144E-4	0.11926
516.265	2.45507E-4	0.12253
517.771	6.42602E-4	0.12623
519.277	5.65329E-4	0.12046
520.783	5.30527E-4	0.12044
522.289	3.17707E-4	0.1231
523.795	6.84713E-4	0.11605
525.301	4.36982E-4	0.11541
526.807	6.17416E-4	0.11583
528.313	6.46746E-4	0.11293
529.819	2.76182E-4	0.11547
531.325	6.86502E-4	0.11645
532.831	7.01235E-4	0.11641
534.337	3.63802E-4	0.12253
535.843	2.85143E-4	0.11576
537.349	2.78939E-4	0.11246
538.855	7.42189E-4	0.11267
540.361	3.69787E-4	0.10789
541.867	4.98555E-4	0.10825
543.373	4.9524E-4	0.1082
544.879	3.59595E-4	0.10261
546.385	5.73072E-4	0.10263
547.891	5.57717E-4	0.10471
549.397	6.46804E-4	0.10098
550.903	5.61133E-4	0.10588
552.409	3.63156E-4	0.10102
553.915	4.05505E-4	0.10222
555.421	7.05943E-4	0.0961
556.927	3.20898E-4	0.10395
558.433	5.18214E-4	0.10124
559.939	5.38268E-4	0.10301
561.445	3.75656E-4	0.10339
562.951	2.8014E-4	0.10662
564.457	5.28579E-4	0.10313
565.963	3.18979E-4	0.09581
567.469	3.66762E-4	0.09932
568.975	6.49248E-4	0.09755
570.481	4.92317E-4	0.09702
571.987	3.89124E-4	0.09478
573.493	4.86793E-4	0.09565
574.999	4.10658E-4	0.09127
576.505	9.8405E-4	0.09579
578.011	7.85848E-4	0.08982
579.517	5.6087E-4	0.09129
581.023	3.6427E-4	0.09427
582.529	6.64956E-4	0.08752
584.035	3.18568E-4	0.08841
585.541	3.58118E-4	0.09128
587.047	3.69381E-4	0.09029
588.553	4.43278E-4	0.09188
590.059	2.89036E-4	0.08939
591.565	3.65185E-4	0.085
593.071	5.19786E-4	0.0902
594.577	4.33362E-4	0.09227
596.083	5.72706E-4	0.08763
597.589	4.50651E-4	0.08851
599.095	3.26605E-4	0.08965
600.601	6.87958E-4	0.08933
602.107	3.55138E-4	0.08474
603.613	5.62655E-4	0.08557
605.119	6.26558E-4	0.08114
606.625	5.46352E-4	0.07987
608.132	4.48072E-4	0.08071
609.638	4.82773E-4	0.08255
611.144	1.60478E-4	0.08088
612.65	3.69635E-4	0.07982
614.156	5.1036E-4	0.07906
615.662	2.9081E-4	0.08025
617.168	3.3311E-4	0.07634
618.674	2.75818E-4	0.07646
620.18	4.8974E-4	0.07745
621.686	4.6012E-4	0.08118
623.192	2.43832E-4	0.07983
624.698	5.31398E-4	0.07592
626.204	4.19181E-4	0.07691
627.71	5.89291E-4	0.076
629.216	5.66515E-4	0.07545
630.722	2.50222E-4	0.07566
632.228	1.63265E-4	0.07264
633.734	3.25139E-4	0.07235
635.24	6.82781E-4	0.07293
636.746	4.91507E-4	0.07517
638.252	4.77089E-4	0.06947
639.758	5.58785E-4	0.06726
641.264	5.68041E-4	0.06692
642.77	3.26137E-4	0.06381
644.276	5.16114E-4	0.06623
645.782	1.6403E-4	0.06912
647.288	7.37649E-4	0.06951
648.794	2.8881E-4	0.06881
650.3	4.52076E-4	0.0644
651.806	2.81909E-4	0.06729
653.312	4.18477E-4	0.06682
654.818	4.17076E-4	0.06583
656.324	4.4287E-4	0.06359
657.83	3.78981E-4	0.06339
659.336	4.67268E-4	0.06499
660.842	3.59394E-4	0.069
662.348	2.38412E-4	0.06605
663.854	6.16242E-4	0.06582
665.36	2.86229E-4	0.06217
666.866	7.72819E-4	0.06394
668.372	9.42854E-4	0.06675
669.878	5.17271E-4	0.06622
671.384	6.90671E-4	0.0671
672.89	8.18357E-4	0.06946
674.396	7.45967E-4	0.07175
675.902	7.71175E-4	0.07268
677.408	0.00108	0.07845
678.914	9.07158E-4	0.06863
680.42	7.83249E-4	0.07016
681.926	0.00143	0.07005
683.432	0.00157	0.07539
684.938	0.00101	0.08191
686.444	0.0012	0.08138
687.95	0.00164	0.08729
689.456	0.00158	0.08573
690.962	0.00139	0.08996
692.468	0.00166	0.0907
693.974	0.00178	0.08491
695.48	0.00201	0.09201
696.986	0.00145	0.09309
698.492	0.00197	0.09102
699.998	0.00182	0.10512
701.504	0.00201	0.10634
703.01	0.00247	0.09944
704.516	0.00218	0.10062
706.022	0.00198	0.10007
707.528	0.00199	0.0963
709.034	0.00156	0.09904
710.54	0.00181	0.09937
712.046	0.00223	0.09779
713.552	0.0019	0.10321
715.058	0.00138	0.09819
716.564	0.00195	0.09522
718.07	0.00147	0.09099
719.576	0.00138	0.09595
721.082	0.0018	0.09256
722.588	0.00155	0.08965
724.094	0.00132	0.09082
725.6	0.0018	0.08902
727.106	0.00154	0.08573
728.612	0.0016	0.08487
730.118	0.00114	0.08666
731.624	0.00126	0.09145
733.13	0.00108	0.08976
734.636	0.00136	0.09672
736.142	0.00145	0.11533
737.648	0.00112	0.12032
739.154	0.0016	0.11418
740.66	0.00139	0.11107
742.166	0.00126	0.11238
743.672	0.00158	0.11368
745.178	0.00104	0.11732
746.684	0.00106	0.12332
748.19	9.26253E-4	0.1245
749.696	9.04112E-4	0.12716
751.202	0.00102	0.13488
752.708	8.80247E-4	0.13338
754.214	9.17757E-4	0.13411
755.72	0.00104	0.13767
757.226	0.0014	0.13796
758.732	0.001	0.13685
760.238	8.68309E-4	0.13522
761.744	0.00111	0.13768
763.25	7.30835E-4	0.1304
764.756	0.00109	0.13125
766.262	9.85716E-4	0.1309
767.768	9.54581E-4	0.13446
769.274	7.27327E-4	0.12551
770.78	6.49704E-4	0.12332
772.287	7.59078E-4	0.11575
773.793	5.95991E-4	0.11342
775.299	7.31763E-4	0.11163
776.805	7.71E-4	0.11474
778.311	6.27215E-4	0.10511
779.817	6.26024E-4	0.1014
781.323	8.17499E-4	0.1
782.829	6.02035E-4	0.09594
784.335	4.79289E-4	0.09584
785.841	4.84197E-4	0.09256
787.347	4.69713E-4	0.09161
788.853	4.76782E-4	0.09077
790.359	3.95495E-4	0.08907
791.865	4.4169E-4	0.0907
793.371	4.85212E-4	0.08939
794.877	4.83077E-4	0.0876
796.383	3.4502E-4	0.08944
797.889	7.46877E-4	0.08816
799.395	4.02673E-4	0.08206
800.901	5.61962E-4	0.08716
802.407	2.45037E-4	0.08324
803.913	4.95833E-4	0.08561
805.419	6.04226E-4	0.08334
806.925	4.28686E-4	0.08967
808.431	8.25021E-4	0.08459
809.937	2.80385E-4	0.07799
811.443	4.42235E-4	0.07618
812.949	2.79224E-4	0.07728
814.455	4.75791E-4	0.07835
815.961	5.27478E-4	0.07588
817.467	6.2899E-4	0.07685
818.973	4.02307E-4	0.07948
820.479	6.05717E-4	0.08411
821.985	4.12415E-4	0.07769
823.491	3.62682E-4	0.06942
824.997	3.69982E-4	0.07201
826.503	3.76231E-4	0.06534
828.009	2.69345E-4	0.07003
829.515	4.71411E-4	0.0675
831.021	5.57903E-4	0.0641
832.527	3.08499E-4	0.06299
834.033	2.37417E-4	0.06235
835.539	3.59298E-4	0.06323
837.045	2.51626E-4	0.07168
838.551	6.07104E-4	0.07375
840.057	4.10452E-4	0.06646
841.563	5.30334E-4	0.0653
843.069	1.58086E-4	0.06037
844.575	5.25469E-4	0.06427
846.081	6.10203E-4	0.06376
847.587	1.16308E-4	0.06014
849.093	4.37399E-4	0.06313
850.599	5.57259E-4	0.06172
852.105	3.73501E-4	0.06303
853.611	2.52594E-4	0.063
855.117	2.49127E-4	0.05793
856.623	3.15491E-4	0.05684
858.129	6.26421E-4	0.05533
859.635	3.66454E-4	0.05757
861.141	2.41652E-4	0.05509
862.647	5.43108E-4	0.05401
864.153	3.56417E-4	0.05861
865.659	4.54273E-4	0.05817
867.165	3.59402E-4	0.06061
868.671	5.17271E-4	0.06016
870.177	4.08674E-4	0.0576
871.683	6.45175E-4	0.05763
873.189	2.03576E-4	0.05495
874.695	3.23971E-4	0.05873
876.201	2.87106E-4	0.05774
877.707	2.86046E-4	0.05706
879.213	4.12301E-4	0.06255
880.719	2.74244E-4	0.06033
882.225	4.53396E-4	0.06058
883.731	5.30153E-4	0.05848
885.237	4.48908E-4	0.05534
886.743	2.42721E-4	0.05527
888.249	4.02654E-4	0.05253
889.755	4.14847E-4	0.04931
891.261	5.56962E-4	0.0467
892.767	1.58457E-4	0.05484
894.273	6.019E-4	0.05463
895.779	4.12121E-4	0.0523
897.285	2.39016E-4	0.05099
898.791	4.00281E-4	0.04924
900.297	1.97961E-4	0.05177
901.803	4.78213E-4	0.05308
903.309	4.87631E-4	0.05281
904.815	5.15508E-4	0.05227
906.321	2.85798E-4	0.05237
907.827	3.20253E-4	0.05165
909.333	3.63958E-4	0.04893
910.839	2.84187E-4	0.05397
912.345	3.52947E-4	0.05195
913.851	4.72198E-4	0.05094
915.357	2.42557E-4	0.04991
916.863	5.24641E-4	0.05073
918.369	3.52484E-4	0.04887
919.875	4.08228E-4	0.04905
921.381	3.72544E-4	0.04709
922.887	4.50579E-4	0.04739
924.393	2.86725E-4	0.04926
925.899	3.93974E-4	0.04841
927.405	5.17753E-4	0.04641
928.911	1.54529E-4	0.04073
930.417	3.58731E-4	0.03894
931.923	3.50143E-4	0.04251
933.429	1.96086E-4	0.04098
934.935	3.6728E-4	0.04497
936.441	3.94659E-4	0.04739
937.948	4.85519E-4	0.04679
939.454	2.03609E-4	0.0471
940.96	1.22815E-4	0.04693
942.466	2.77458E-4	0.04686
943.972	3.56906E-4	0.04576
945.478	3.57048E-4	0.04437
946.984	3.59755E-4	0.04972
948.49	3.64065E-4	0.04682
949.996	3.60108E-4	0.04726
951.502	3.24528E-4	0.0466
953.008	1.60037E-4	0.04746
954.514	4.46328E-4	0.04491
956.02	1.56485E-4	0.04438
957.526	1.97891E-4	0.04408
959.032	1.17605E-4	0.0446
960.538	2.40534E-4	0.04356
962.044	3.94885E-4	0.04527
963.55	2.53218E-4	0.04573
965.056	2.8727E-4	0.04579
966.562	4.82124E-4	0.0484
968.068	4.47137E-4	0.04311
969.574	3.34695E-4	0.04649
971.08	3.93124E-4	0.05302
972.586	3.7989E-4	0.05145
974.092	5.4138E-4	0.05042
975.598	1.99615E-4	0.04674
977.104	6.02156E-4	0.04234
978.61	6.12872E-4	0.04236
980.116	2.42147E-4	0.04487
981.622	1.18439E-4	0.04163
983.128	3.18038E-4	0.04087
984.634	3.90625E-4	0.03867
986.14	4.32867E-4	0.04093
987.646	2.04221E-4	0.0413
989.152	2.03544E-4	0.04252
990.658	2.40249E-4	0.0423
992.164	2.40373E-4	0.03883
993.67	1.61417E-4	0.04058
995.176	3.62462E-4	0.04013
996.682	2.05465E-4	0.04202
998.188	3.22319E-4	0.0422
999.694	3.68824E-4	0.03963
1001.2	3.49885E-4	0.0417
1002.706	3.33366E-4	0.04002
1004.212	1.93299E-4	0.03773
1005.718	2.38253E-4	0.03683
1007.224	4.40654E-4	0.04131
1008.73	4.33076E-4	0.04096
1010.236	4.53959E-4	0.03684
1011.742	2.82378E-4	0.0436
1013.248	2.02583E-4	0.04019
1014.754	3.3E-4	0.03825
1016.26	2.00953E-4	0.04096
1017.766	4.92508E-4	0.04178
1019.272	2.36827E-4	0.04045
1020.778	3.27417E-4	0.04411
1022.284	2.03687E-4	0.04144
1023.79	2.38512E-4	0.04081
1025.296	3.2735E-4	0.04081
1026.802	3.6035E-4	0.05172
1028.308	5.26074E-4	0.04356
1029.814	3.56346E-4	0.0416
1031.32	4.4735E-4	0.04174
1032.826	4.09786E-4	0.04726
1034.332	7.96084E-4	0.0432
1035.838	6.32695E-4	0.04307
1037.344	0.00103	0.04389
1038.85	5.57438E-4	0.04324
1040.356	5.04361E-4	0.0419
1041.862	8.97429E-4	0.04477
1043.368	9.73587E-4	0.04342
1044.874	8.58296E-4	0.04276
1046.38	9.91145E-4	0.04188
1047.886	0.00128	0.04372
1049.392	0.00119	0.04195
1050.898	8.09582E-4	0.04421
1052.404	0.00121	0.04573
1053.91	0.00103	0.04322
1055.416	8.03992E-4	0.04196
1056.922	0.00117	0.04456
1058.428	0.00141	0.04399
1059.934	0.00111	0.04336
1061.44	0.00134	0.04377
1062.946	0.00136	0.04781
1064.452	0.00102	0.0481
1065.958	0.00124	0.04749
1067.464	0.00138	0.04755
1068.97	0.00112	0.04619
1070.476	0.00144	0.044
1071.982	0.00115	0.04675
1073.488	0.00132	0.04557
1074.994	0.00133	0.04506
1076.5	0.00125	0.04617
1078.006	8.52741E-4	0.04666
1079.512	7.73609E-4	0.0459
1081.018	0.00126	0.04309
1082.524	0.00134	0.04454
1084.03	0.00136	0.04702
1085.536	0.00117	0.04225
1087.042	0.0011	0.04526
1088.548	0.00117	0.04559
1090.054	0.00112	0.05006
1091.56	0.00157	0.05354
1093.066	0.00117	0.05401
1094.572	5.79486E-4	0.05342
1096.078	0.00124	0.05299
1097.584	9.7001E-4	0.05576
1099.09	0.001	0.0579
1100.596	9.64294E-4	0.06099
1102.102	0.00112	0.06383
1103.609	9.43846E-4	0.06684
1105.115	8.55547E-4	0.06854
1106.621	0.001	0.07254
1108.127	6.59664E-4	0.07176
1109.633	0.0011	0.07391
1111.139	8.82275E-4	0.07721
1112.645	9.92857E-4	0.07537
1114.151	6.44392E-4	0.08181
1115.657	5.48849E-4	0.08159
1117.163	6.97976E-4	0.07783
1118.669	7.96208E-4	0.08374
1120.175	8.07468E-4	0.08786
1121.681	6.76716E-4	0.08184
1123.187	6.94273E-4	0.08443
1124.693	7.5633E-4	0.08399
1126.199	4.51528E-4	0.08316
1127.705	5.80773E-4	0.08251
1129.211	4.3359E-4	0.07828
1130.717	4.49603E-4	0.08006
1132.223	7.3838E-4	0.08373
1133.729	7.1592E-4	0.08255
1135.235	5.82552E-4	0.07899
1136.741	7.84238E-4	0.07144
1138.247	5.65584E-4	0.07137
1139.753	5.70079E-4	0.07091
1141.259	4.36557E-4	0.07239
1142.765	6.09387E-4	0.07062
1144.271	4.48479E-4	0.06631
1145.777	4.90454E-4	0.06519
1147.283	4.37157E-4	0.06408
1148.789	6.33337E-4	0.05933
1150.295	4.44848E-4	0.06409
1151.801	2.07741E-4	0.06249
1153.307	3.70186E-4	0.06096
1154.813	2.03456E-4	0.0587
1156.319	6.03846E-4	0.06169
1157.825	4.75633E-4	0.05585
1159.331	4.03633E-4	0.06047
1160.837	5.11548E-4	0.05839
1162.343	4.82644E-4	0.05462
1163.849	5.72327E-4	0.05435
1165.355	3.94981E-4	0.05221
1166.861	1.20304E-4	0.05058
1168.367	4.39152E-4	0.05016
1169.873	3.17847E-4	0.04848
1171.379	2.84884E-4	0.0485
1172.885	4.87675E-4	0.05034
1174.391	3.22965E-4	0.04868
1175.897	4.38752E-4	0.04616
1177.403	3.97962E-4	0.04501
1178.909	3.34508E-4	0.04597
1180.415	4.90432E-4	0.04646
1181.921	2.8871E-4	0.04661
1183.427	4.04498E-4	0.04778
1184.933	5.68839E-4	0.04238
1186.439	1.60968E-4	0.04143
1187.945	3.97829E-5	0.04355
1189.451	4.06968E-4	0.04335
1190.957	3.26434E-4	0.04113
1192.463	3.58723E-4	0.04477
1193.969	2.97669E-4	0.04229
1195.475	5.99472E-4	0.04073
1196.981	3.9867E-4	0.04169
1198.487	3.28309E-4	0.04409
1199.993	2.74809E-4	0.04116
1201.499	2.04118E-4	0.04037
1203.005	3.19561E-4	0.04044
1204.511	2.89336E-4	0.0392
1206.017	2.5132E-4	0.04214
1207.523	5.90896E-4	0.03963
1209.029	2.75885E-4	0.04071
1210.535	4.34077E-4	0.03675
1212.041	3.26241E-4	0.03779
1213.547	6.22829E-4	0.03919
1215.053	3.15234E-4	0.03935
1216.559	5.68491E-4	0.03768
1218.065	5.14348E-4	0.03769
1219.571	2.79174E-4	0.03757
1221.077	1.5786E-4	0.03473
1222.583	5.91169E-4	0.03665
1224.089	3.64946E-4	0.03851
1225.595	1.9957E-4	0.03754
1227.101	2.80241E-4	0.0363
1228.607	3.14391E-4	0.03503
1230.113	2.90601E-4	0.03524
1231.619	5.63843E-4	0.03682
1233.125	3.15651E-4	0.0339
1234.631	2.00795E-4	0.03931
1236.137	1.30717E-4	0.04078
1237.643	1.28003E-4	0.04396
1239.149	3.3799E-4	0.03988
1240.655	2.54247E-4	0.03822
1242.161	1.21999E-4	0.03823
1243.667	5.85594E-4	0.04019
1245.173	1.6551E-4	0.04086
1246.679	4.45189E-4	0.03748
1248.185	2.49978E-4	0.03752
1249.691	2.06635E-4	0.03749
1251.197	5.34676E-4	0.03722
1252.703	2.83213E-4	0.03589
1254.209	2.89342E-4	0.03645
1255.715	2.85558E-4	0.03554
1257.221	3.67088E-4	0.03566
1258.727	3.59563E-4	0.03915
1260.233	1.63578E-4	0.03381
1261.739	2.82772E-4	0.03698
1263.245	3.57626E-4	0.03177
1264.751	3.6152E-4	0.03262
1266.257	4.96978E-4	0.03638
1267.764	4.39701E-4	0.03393
1269.27	2.77152E-4	0.0344
1270.776	4.68607E-4	0.03542
1272.282	3.61221E-4	0.03444
1273.788	2.7824E-4	0.03821
1275.294	3.66971E-4	0.03596
1276.8	2.83309E-4	0.03501
1278.306	4.45682E-4	0.0344
1279.812	3.25641E-4	0.03686
1281.318	3.28602E-4	0.03867
1282.824	2.02812E-4	0.03615
1284.33	2.00378E-4	0.03793
1285.836	2.51461E-4	0.03587
1287.342	3.21993E-4	0.03516
1288.848	2.75074E-4	0.03593
1290.354	1.61359E-4	0.03619
1291.86	3.17925E-4	0.03453
1293.366	2.48483E-4	0.03052
1294.872	8.26463E-5	0.03076
1296.378	2.03678E-4	0.03245
1297.884	4.63827E-4	0.03201
1299.39	3.91615E-4	0.03326
1300.896	3.58245E-4	0.03293
1302.402	2.86778E-4	0.0335
1303.908	3.64674E-4	0.02897
1305.414	4.96737E-4	0.03104
1306.92	2.81258E-4	0.03169
1308.426	2.44219E-4	0.03497
1309.932	4.53052E-4	0.03072
1311.438	4.37089E-4	0.03238
1312.944	2.3892E-4	0.03158
1314.45	2.02982E-4	0.03087
1315.956	4.04699E-4	0.03158
1317.462	4.12472E-4	0.03253
1318.968	2.85942E-4	0.03169
1320.474	3.2049E-4	0.03305
1321.98	1.97147E-4	0.03076
1323.486	2.85636E-4	0.03035
1324.992	2.42213E-4	0.02849
1326.498	4.83729E-4	0.02991
1328.004	2.38629E-4	0.03013
1329.51	2.80447E-4	0.03068
1331.016	2.34212E-4	0.03197
1332.522	4.04699E-4	0.03083
1334.028	2.35E-4	0.03053
1335.534	4.01348E-4	0.03067
1337.04	5.20982E-4	0.02917
1338.546	1.13806E-4	0.02815
1340.052	2.79423E-4	0.03107
1341.558	3.67029E-4	0.03279
1343.064	4.06129E-4	0.03028
1344.57	2.79181E-4	0.0311
1346.076	3.86706E-4	0.03055
1347.582	2.72475E-4	0.03143
1349.088	3.97891E-4	0.03052
1350.594	3.31433E-4	0.03023
1352.1	1.63761E-4	0.03109
1353.606	2.77526E-4	0.02957
1355.112	1.97251E-4	0.03029
1356.618	2.37769E-4	0.0277
1358.124	2.34513E-4	0.02828
1359.63	4.32051E-4	0.02836
1361.136	2.73324E-4	0.02782
1362.642	2.67023E-4	0.02939
1364.148	3.96229E-4	0.02892
1365.654	4.29351E-4	0.03064
1367.16	1.57867E-4	0.02816
1368.666	1.22801E-4	0.02736
1370.172	2.89476E-4	0.03098
1371.678	4.49276E-4	0.03011
1373.184	3.27126E-4	0.02853
1374.69	2.75068E-4	0.02945
1376.196	3.15866E-4	0.02719
1377.702	1.9646E-4	0.02774
1379.208	2.8889E-4	0.02807
1380.714	2.02693E-4	0.02901
1382.22	4.06968E-4	0.02917
1383.726	2.41462E-4	0.03171
1385.232	2.07419E-4	0.02929
1386.738	3.78501E-4	0.02979
1388.244	1.63091E-4	0.03165
1389.75	3.62862E-4	0.02879
1391.256	3.1306E-4	0.02813
1392.762	3.48758E-4	0.02941
1394.268	5.05532E-4	0.03167
1395.774	5.14893E-4	0.02838
1397.28	5.24582E-4	0.02686
1398.786	6.8773E-4	0.02393
1400.292	5.04591E-4	0.02609
1401.798	8.93687E-4	0.02982
1403.304	6.31358E-4	0.02717
1404.81	7.5855E-4	0.03017
1406.316	7.93644E-4	0.02799
1407.822	9.74513E-4	0.03063
1409.328	0.00117	0.03027
1410.834	0.00112	0.03027
1412.34	0.00131	0.02971
1413.846	9.53164E-4	0.03053
1415.352	9.44624E-4	0.02739
1416.858	0.00106	0.02812
1418.364	0.00105	0.02768
1419.87	0.00103	0.029
1421.376	0.00118	0.03054
1422.882	0.00121	0.02883
1424.388	9.86915E-4	0.0286
1425.894	0.00119	0.02798
1427.4	0.0011	0.03071
1428.906	6.88087E-4	0.02833
1430.412	0.00142	0.03099
1431.918	0.001	0.03172
1433.425	8.41776E-4	0.03041
1434.931	9.84501E-4	0.02063
1436.437	0.00118	0.02433
1437.943	0.00123	0.02981
1439.449	0.00107	0.02928
1440.955	0.00132	0.02902
1442.461	0.00115	0.03046
1443.967	0.00126	0.03223
1445.473	0.0011	0.03144
1446.979	0.00127	0.03268
1448.485	9.47663E-4	0.03141
1449.991	9.46597E-4	0.03304
1451.497	0.00104	0.03367
1453.003	0.0011	0.03264
1454.509	0.00109	0.03469
1456.015	0.00147	0.03704
1457.521	9.16759E-4	0.03535
1459.027	8.1464E-4	0.04077
1460.533	5.56665E-4	0.04239
1462.039	5.77567E-4	0.04252
1463.545	7.14999E-4	0.047
1465.051	8.05871E-4	0.04441
1466.557	6.91517E-4	0.04531
1468.063	0.00118	0.0473
1469.569	7.13024E-4	0.0518
1471.075	6.84529E-4	0.05049
1472.581	7.8998E-4	0.05476
1474.087	8.6675E-4	0.05457
1475.593	7.59817E-4	0.05343
1477.099	5.33514E-4	0.0569
1478.605	9.16556E-4	0.05513
1480.111	4.84033E-4	0.06121
1481.617	6.68176E-4	0.05952
1483.123	6.93168E-4	0.05882
1484.629	3.98201E-4	0.06028
1486.135	7.03192E-4	0.06123
1487.641	4.45854E-4	0.05792
1489.147	6.07036E-4	0.05746
1490.653	6.86966E-4	0.05722
1492.159	5.94568E-4	0.05305
1493.665	4.36354E-4	0.05588
1495.171	6.16751E-4	0.05442
1496.677	3.18391E-4	0.05526
1498.183	5.00561E-4	0.05963
1499.689	4.10771E-4	0.05768
1501.195	3.20261E-4	0.05209
1502.701	5.69562E-4	0.0517
1504.207	3.13779E-4	0.04696
1505.713	2.83091E-4	0.04633
1507.219	3.14495E-4	0.04274
1508.725	2.77981E-4	0.0473
1510.231	2.39027E-4	0.04412
1511.737	3.31625E-4	0.04362
1513.243	5.72954E-4	0.04394
1514.749	4.39769E-4	0.04399
1516.255	3.95783E-4	0.04126
1517.761	3.29432E-4	0.04148
1519.267	4.74657E-4	0.0398
1520.773	4.60736E-4	0.03904
1522.279	2.79828E-4	0.03848
1523.785	3.0781E-4	0.03722
1525.291	4.21574E-4	0.03653
1526.797	4.81305E-4	0.0359
1528.303	1.64534E-4	0.03515
1529.809	2.79741E-4	0.03641
1531.315	1.6121E-4	0.03721
1532.821	3.99951E-4	0.03477
1534.327	5.96057E-4	0.03769
1535.833	1.65019E-4	0.03841
1537.339	4.01779E-4	0.03384
1538.845	3.73994E-4	0.03462
1540.351	4.81283E-4	0.03459
1541.857	4.7536E-4	0.03653
1543.363	2.86496E-4	0.0337
1544.869	5.81985E-4	0.03352
1546.375	6.02291E-4	0.03429
1547.881	2.00921E-4	0.03402
1549.387	3.78013E-4	0.03327
1550.893	4.11431E-4	0.03596
1552.399	4.50589E-4	0.03565
1553.905	3.15505E-4	0.0348
1555.411	3.73682E-4	0.03406
1556.917	2.08776E-4	0.03171
1558.423	2.84755E-4	0.0329
1559.929	2.84323E-4	0.03174
1561.435	1.21273E-4	0.03301
1562.941	3.21733E-4	0.03192
1564.447	1.99628E-4	0.03073
1565.953	3.2271E-4	0.03013
1567.459	4.17202E-4	0.03154
1568.965	4.11176E-4	0.03322
1570.471	3.71028E-4	0.03254
1571.977	4.53573E-4	0.03194
1573.483	2.51873E-4	0.03171
1574.989	5.2755E-4	0.03264
1576.495	2.79909E-4	0.03213
1578.001	4.06157E-4	0.03228
1579.507	2.46316E-4	0.03034
1581.013	5.7648E-4	0.03
1582.519	1.65636E-4	0.02979
1584.025	1.67406E-4	0.02777
1585.531	1.58306E-4	0.03025
1587.037	3.65045E-4	0.03007
1588.543	2.52387E-4	0.02997
1590.049	5.175E-4	0.02942
1591.555	4.47888E-4	0.03076
1593.061	3.70076E-4	0.03116
1594.567	2.45933E-4	0.03053
1596.073	1.60611E-4	0.03035
1597.58	3.66263E-4	0.0299
1599.086	2.8343E-4	0.02909
1600.592	3.26619E-4	0.02893
1602.098	2.38312E-4	0.02827
1603.604	2.0615E-4	0.0278
1605.11	4.16108E-4	0.02839
1606.616	1.20577E-4	0.02915
1608.122	3.23927E-4	0.03007
1609.628	1.58762E-4	0.02638
1611.134	1.60618E-4	0.02949
1612.64	1.23932E-4	0.02795
1614.146	1.24864E-4	0.02823
1615.652	2.46384E-4	0.02782
1617.158	4.77597E-4	0.02845
1618.664	1.23719E-4	0.02756
1620.17	5.28172E-4	0.02854
1621.676	2.43501E-4	0.02757
1623.182	1.99757E-4	0.026
1624.688	4.02519E-4	0.02615
1626.194	2.46519E-4	0.0271
1627.7	3.69001E-4	0.02671
1629.206	3.27357E-4	0.02649
1630.712	2.07731E-4	0.02799
1632.218	2.86411E-4	0.02652
1633.724	1.95752E-4	0.02846
1635.23	4.55584E-4	0.02489
1636.736	3.65227E-4	0.02609
1638.242	4.7637E-4	0.02611
1639.748	3.21582E-4	0.02691
1641.254	3.18094E-4	0.02627
1642.76	6.81437E-4	0.0254
1644.266	3.68159E-4	0.02596
1645.772	3.96764E-4	0.02496
1647.278	3.18709E-4	0.02574
1648.784	3.93386E-4	0.02485
1650.29	3.98599E-4	0.02382
1651.796	2.04542E-4	0.02557
1653.302	2.40711E-4	0.02474
1654.808	2.81113E-4	0.02359
1656.314	3.59362E-4	0.02455
1657.82	3.43316E-4	0.02525
1659.326	1.24351E-4	0.02504
1660.832	2.01776E-4	0.02493
1662.338	1.21177E-4	0.02465
1663.844	7.90989E-5	0.02269
1665.35	0	0.02426
1666.856	2.72375E-4	0.02431
1668.362	2.36571E-4	0.02391
1669.868	1.53888E-4	0.02509
1671.374	2.7824E-4	0.02424
1672.88	1.68864E-4	0.02358
1674.386	2.35829E-4	0.02505
1675.892	2.82607E-4	0.02335
1677.398	2.81132E-4	0.02497
1678.904	2.41641E-4	0.02502
1680.41	2.45984E-4	0.02624
1681.916	2.37764E-4	0.0236
1683.422	1.63903E-4	0.02419
1684.928	2.75243E-4	0.0258
1686.434	3.23402E-4	0.02452
1687.94	2.48552E-4	0.02431
1689.446	2.44931E-4	0.02664
1690.952	2.02482E-4	0.02548
1692.458	2.84426E-4	0.02508
1693.964	1.61679E-4	0.02526
1695.47	4.07273E-4	0.0239
1696.976	6.62898E-4	0.02682
1698.482	5.31083E-4	0.02499
1699.988	2.91688E-4	0.02488
1701.494	2.41376E-4	0.02389
1703	3.23862E-4	0.02342
1704.506	3.26129E-4	0.02337
1706.012	2.82932E-4	0.02233
1707.518	1.55221E-4	0.02365
1709.024	2.99722E-4	0.02318
1710.53	3.70109E-4	0.02312
1712.036	3.21243E-4	0.02271
1713.542	2.91709E-4	0.02454
1715.048	3.28158E-4	0.02257
1716.554	3.64229E-4	0.02387
1718.06	2.33753E-4	0.02185
1719.566	1.9906E-4	0.02349
1721.072	3.59851E-4	0.02312
1722.578	1.61188E-4	0.02224
1724.084	3.25877E-4	0.0234
1725.59	4.48306E-4	0.02353
1727.096	2.79057E-4	0.02357
1728.602	2.03845E-4	0.02343
1730.108	2.82543E-4	0.02378
1731.614	1.97451E-4	0.02281
1733.12	3.64007E-4	0.02329
1734.626	2.02798E-4	0.02376
1736.132	8.40127E-5	0.02274
1737.638	1.60672E-4	0.02349
1739.144	4.78053E-4	0.0226
1740.65	1.61745E-4	0.02403
1742.156	3.68512E-4	0.02441
1743.662	1.61785E-4	0.02375
1745.168	2.88597E-4	0.02166
1746.674	3.63049E-4	0.02359
1748.18	3.99692E-4	0.02238
1749.686	1.56797E-4	0.02444
1751.192	1.20604E-4	0.02273
1752.698	1.96995E-4	0.02334
1754.204	4.9889E-4	0.02308
1755.71	3.03387E-4	0.0239
1757.216	3.59322E-4	0.02198
1758.722	4.47137E-4	0.02367
1760.228	7.2864E-4	0.02413
1761.734	9.04092E-4	0.02597
1763.241	5.70571E-4	0.02355
1764.747	9.05843E-4	0.02141
1766.253	4.30777E-4	0.02233
1767.759	4.64448E-4	0.02257
1769.265	5.97065E-4	0.02482
1770.771	9.99519E-4	0.02822
1772.277	0.00111	0.02621
1773.783	7.05225E-4	0.02492
1775.289	9.7595E-4	0.02237
1776.795	0.00119	0.02081
1778.301	9.13856E-4	0.02113
1779.807	8.46127E-4	0.02144
1781.313	0.00117	0.02241
1782.819	0.001	0.02444
1784.325	0.00111	0.02379
1785.831	6.84529E-4	0.02264
1787.337	7.08142E-4	0.02321
1788.843	0.00103	0.02192
1790.349	8.75537E-4	0.02035
1791.855	9.97793E-4	0.0197
1793.361	9.99299E-4	0.01916
1794.867	7.12347E-4	0.0187
1796.373	8.71224E-4	0.02063
1797.879	9.18332E-4	0.01956
1799.385	5.20006E-4	0.02129
1800.891	8.50234E-4	0.02045
1802.397	0.00118	0.02098
1803.903	0.00113	0.02159
1805.409	8.90501E-4	0.0215
1806.915	7.99083E-4	0.0205
1808.421	7.05278E-4	0.02169
1809.927	6.60851E-4	0.02286
1811.433	0.00135	0.02258
1812.939	5.50269E-4	0.02533
1814.445	8.11781E-4	0.02517
1815.951	8.59334E-4	0.0265
1817.457	6.91893E-4	0.02874
1818.963	8.72371E-4	0.0274
1820.469	9.33676E-4	0.03068
1821.975	9.45057E-4	0.03164
1823.481	3.67631E-4	0.03113
1824.987	9.45726E-4	0.03227
1826.493	5.68594E-4	0.03627
1827.999	6.13908E-4	0.0372
1829.505	0.00137	0.03918
1831.011	5.09167E-4	0.03902
1832.517	5.80372E-4	0.03925
1834.023	7.63433E-4	0.04027
1835.529	7.09107E-4	0.04068
1837.035	7.01881E-4	0.03989
1838.541	6.45829E-4	0.04048
1840.047	3.55342E-4	0.04264
1841.553	6.55718E-4	0.0448
1843.059	7.21006E-4	0.04219
1844.565	5.40026E-4	0.04484
1846.071	4.20862E-4	0.04532
1847.577	4.85333E-4	0.0459
1849.083	5.16457E-4	0.04572
1850.589	2.77532E-4	0.04564
1852.095	3.59051E-4	0.04298
1853.601	4.63587E-4	0.04138
1855.107	7.6808E-4	0.04689
1856.613	3.81894E-4	0.04487
1858.119	6.22343E-4	0.04632
1859.625	4.15713E-4	0.04335
1861.131	4.67934E-4	0.04311
1862.637	2.42869E-4	0.03943
1864.143	4.42642E-4	0.03992
1865.649	3.56851E-4	0.0409
1867.155	4.69303E-4	0.03814
1868.661	4.4525E-4	0.03773
1870.167	4.0719E-4	0.03738
1871.673	4.49358E-4	0.0364
1873.179	3.24719E-4	0.03586
1874.685	2.82626E-4	0.03655
1876.191	3.68101E-4	0.03571
1877.697	2.44103E-4	0.03365
1879.203	3.67991E-4	0.03365
1880.709	2.89402E-4	0.03358
1882.215	3.92172E-4	0.03137
1883.721	3.14805E-4	0.03285
1885.227	1.57714E-4	0.03052
1886.733	4.34412E-4	0.03108
1888.239	4.80971E-4	0.03116
1889.745	2.36104E-4	0.0305
1891.251	3.23832E-4	0.02919
1892.757	4.77767E-4	0.02903
1894.263	2.36296E-4	0.03004
1895.769	4.03388E-4	0.02685
1897.275	2.7273E-4	0.028
1898.781	3.27769E-4	0.02846
1900.287	3.979E-4	0.02615
1901.793	2.4492E-4	0.02724
1903.299	3.96002E-4	0.02616
1904.805	2.44664E-4	0.02648
1906.311	2.02628E-4	0.02653
1907.817	2.75261E-4	0.02588
1909.323	8.00848E-5	0.02805
1910.829	3.64262E-4	0.02568
1912.335	2.92558E-4	0.02653
1913.841	2.92265E-4	0.02718
1915.347	2.42065E-4	0.02671
1916.853	2.06236E-4	0.02619
1918.359	4.06295E-4	0.02575
1919.865	3.57483E-4	0.02657
1921.371	1.99766E-4	0.02461
1922.877	3.30441E-4	0.02365
1924.383	2.02624E-4	0.02308
1925.889	1.59029E-4	0.02371
1927.396	2.79026E-4	0.02405
1928.902	3.225E-4	0.02553
1930.408	3.2436E-4	0.02453
1931.914	2.40426E-4	0.02355
1933.42	3.28181E-4	0.0249
1934.926	4.09917E-4	0.02581
1936.432	3.20884E-4	0.02379
1937.938	3.87242E-4	0.0275
1939.444	2.70766E-4	0.02961
1940.95	2.66038E-4	0.02741
1942.456	4.56913E-4	0.02902
1943.962	2.23974E-4	0.02018
1945.468	3.15068E-4	0.02359
1946.974	3.13053E-4	0.02338
1948.48	2.76669E-4	0.02348
1949.986	2.82677E-4	0.02223
1951.492	4.46207E-4	0.02192
1952.998	2.40072E-4	0.02282
1954.504	3.36824E-4	0.02161
1956.01	3.60157E-4	0.02157
1957.516	1.99984E-4	0.0227
1959.022	1.62297E-4	0.02223
1960.528	5.0442E-4	0.02076
1962.034	2.89429E-4	0.02095
1963.54	1.21591E-4	0.02095
1965.046	4.87886E-4	0.02161
1966.552	1.23358E-4	0.02295
1968.058	3.26664E-4	0.02189
1969.564	4.41759E-4	0.02193
1971.07	3.1347E-4	0.02202
1972.576	3.26152E-4	0.02047
1974.082	1.59493E-4	0.02045
1975.588	2.00714E-4	0.0205
1977.094	3.81649E-4	0.0229
1978.6	2.38698E-4	0.02151
1980.106	2.50566E-4	0.02066
1981.612	1.61203E-4	0.0209
1983.118	7.91688E-5	0.02107
1984.624	2.01926E-4	0.01913
1986.13	3.97151E-4	0.02106
1987.636	2.36208E-4	0.01945
1989.142	2.90299E-4	0.02182
1990.648	2.75879E-4	0.0216
1992.154	4.81262E-4	0.02287
1993.66	2.55103E-4	0.02188
1995.166	3.23555E-4	0.02225
1996.672	2.01848E-4	0.02304
1998.178	4.62352E-4	0.0224
1999.684	2.84548E-4	0.01981
2001.19	2.07534E-4	0.02031
2002.696	1.68669E-4	0.02166
2004.202	2.04594E-4	0.02204
2005.708	2.04486E-4	0.02131
2007.214	3.28685E-4	0.02171
2008.72	2.04239E-4	0.02257
2010.226	4.0367E-4	0.02031
2011.732	1.59752E-4	0.02082
2013.238	2.8352E-4	0.02167
2014.744	7.99134E-5	0.01905
2016.25	2.00275E-4	0.02057
2017.756	3.1634E-4	0.02002
2019.262	5.17592E-4	0.01925
2020.768	3.20525E-4	0.02013
2022.274	2.87916E-4	0.01861
2023.78	3.20032E-4	0.02135
2025.286	2.07361E-4	0.01983
2026.792	1.20918E-4	0.02045
2028.298	3.25353E-4	0.02078
2029.804	1.2075E-4	0.0204
2031.31	2.91573E-4	0.02143
2032.816	6.53176E-5	0.01643
2034.322	2.20842E-4	0.01954
2035.828	2.07079E-4	0.02204
2037.334	2.55351E-4	0.021
2038.84	2.98923E-4	0.0205
2040.346	2.15465E-4	0.01994
2041.852	3.3741E-4	0.02025
2043.358	1.63191E-4	0.02001
2044.864	2.0139E-4	0.01944
2046.37	5.60319E-4	0.01846
2047.876	1.63187E-4	0.01844
2049.382	1.67305E-4	0.02019
2050.888	2.87329E-4	0.01882
2052.394	2.78332E-4	0.01837
2053.9	2.03961E-4	0.01911
2055.406	3.28421E-4	0.01894
2056.912	4.53552E-4	0.01762
2058.418	3.22413E-4	0.01818
2059.924	2.00508E-4	0.01826
2061.43	4.17756E-4	0.01829
2062.936	3.20819E-4	0.02081
2064.442	1.64678E-4	0.01883
2065.948	2.40008E-4	0.01982
2067.454	2.03882E-4	0.01876
2068.96	2.88544E-4	0.01996
2070.466	2.84277E-4	0.01971
2071.972	1.56999E-4	0.01821
2073.478	1.57558E-4	0.01948
2074.984	2.88002E-4	0.01843
2076.49	2.84755E-4	0.01991
2077.996	3.28309E-4	0.02045
2079.502	2.44886E-4	0.01996
2081.008	2.02532E-4	0.01936
2082.514	3.22145E-4	0.02027
2084.02	2.45714E-4	0.02104
2085.526	2.0295E-4	0.0188
2087.032	2.52038E-4	0.02011
2088.538	8.41724E-5	0.02029
2090.044	2.0116E-4	0.01971
2091.55	3.35008E-4	0.02
2093.057	4.30918E-4	0.01868
2094.563	1.18724E-4	0.01876
2096.069	2.69421E-4	0.01848
2097.575	1.55114E-4	0.0191
2099.081	2.65059E-4	0.01798
2100.587	3.53729E-4	0.0184
2102.093	2.03014E-4	0.01858
2103.599	1.57582E-4	0.0179
2105.105	2.3958E-4	0.01879
2106.611	3.19633E-4	0.01946
2108.117	1.67805E-4	0.01898
2109.623	3.17573E-4	0.01938
2111.129	8.21203E-5	0.01938
2112.635	2.03156E-4	0.01929
2114.141	2.89623E-4	0.02043
2115.647	4.30465E-4	0.02155
2117.153	1.62073E-4	0.02225
2118.659	3.26962E-4	0.02168
2120.165	2.78963E-4	0.02309
2121.671	4.75612E-4	0.02401
2123.177	5.40001E-4	0.02391
2124.683	5.59009E-4	0.02202
2126.189	4.75286E-4	0.01983
2127.695	6.62259E-4	0.02186
2129.201	4.39123E-4	0.0231
2130.707	5.9208E-4	0.02198
2132.213	4.81197E-4	0.02448
2133.719	8.19554E-4	0.02307
2135.225	4.11818E-4	0.02259
2136.731	8.32598E-4	0.02301
2138.237	7.95441E-4	0.02218
2139.743	5.98338E-4	0.02438
2141.249	8.49716E-4	0.02225
2142.755	7.81971E-4	0.02326
2144.261	5.47275E-4	0.02285
2145.767	5.24948E-4	0.02156
2147.273	4.72852E-4	0.02183
2148.779	6.15368E-4	0.02067
2150.285	6.03765E-4	0.02102
2151.791	6.21811E-4	0.02054
2153.297	7.6369E-4	0.01984
2154.803	6.96334E-4	0.02025
2156.309	4.84393E-4	0.01956
2157.815	2.06497E-4	0.01845
2159.321	6.18523E-4	0.01926
2160.827	4.41482E-4	0.01897
2162.333	4.97644E-4	0.01812
2163.839	6.82078E-4	0.02023
2165.345	6.69079E-4	0.01871
2166.851	6.02386E-4	0.0184
2168.357	3.33072E-4	0.01775
2169.863	4.02086E-4	0.01809
2171.369	5.36769E-4	0.01845
2172.875	3.50714E-4	0.01815
2174.381	4.86144E-4	0.01686
2175.887	5.31774E-4	0.01771
2177.393	5.78512E-4	0.01644
2178.899	8.21224E-4	0.01682
2180.405	6.34037E-4	0.01778
2181.911	4.44237E-4	0.01621
2183.417	1.64004E-4	0.01594
2184.923	5.74869E-4	0.01549
2186.429	5.63944E-4	0.01446
2187.935	5.30153E-4	0.01547
2189.441	6.4419E-4	0.0146
2190.947	4.77852E-4	0.01576
2192.453	4.76296E-4	0.01522
2193.959	5.15908E-4	0.01534
2195.465	4.80907E-4	0.01481
2196.971	5.10304E-4	0.01472
2198.477	5.16445E-4	0.01499
2199.983	6.01591E-4	0.01557
2201.489	6.87943E-4	0.01508
2202.995	5.86004E-4	0.01434
2204.501	4.17765E-4	0.01579
2206.007	6.3578E-4	0.01453
2207.513	4.38976E-4	0.01588
2209.019	5.03429E-4	0.01575
2210.525	8.00474E-4	0.01529
2212.031	5.01027E-4	0.01458
2213.537	3.19462E-4	0.01601
2215.043	4.37894E-4	0.01483
2216.549	6.59758E-4	0.016
2218.055	4.83055E-4	0.01363
2219.561	7.61268E-4	0.0152
2221.067	8.67549E-4	0.01556
2222.573	5.41054E-4	0.01581
2224.079	7.77031E-4	0.01452
2225.585	6.14876E-4	0.0163
2227.091	5.18802E-4	0.01628
2228.597	7.00558E-4	0.01593
2230.103	5.68787E-4	0.01583
2231.609	3.17194E-4	0.0151
2233.115	5.88697E-4	0.01478
2234.621	9.33021E-4	0.01505
2236.127	8.85245E-4	0.01602
2237.633	5.79687E-4	0.0152
2239.139	7.5771E-4	0.0153
2240.645	7.33242E-4	0.01523
2242.151	5.72732E-4	0.01563
2243.657	6.90702E-4	0.01712
2245.163	6.42507E-4	0.01788
2246.669	0.00108	0.01617
2248.175	7.08617E-4	0.01539
2249.681	7.38968E-4	0.01642
2251.187	5.65641E-4	0.01333
2252.693	7.31412E-4	0.01387
2254.199	7.52542E-4	0.01316
2255.705	8.2711E-4	0.01399
2257.212	7.86686E-4	0.01465
2258.718	8.80532E-4	0.01454
2260.224	7.05293E-4	0.01545
2261.73	8.37208E-4	0.01587
2263.236	0.00102	0.01593
2264.742	8.71956E-4	0.01604
2266.248	9.7469E-4	0.01607
2267.754	0.00121	0.01522
2269.26	8.17108E-4	0.01623
2270.766	7.3456E-4	0.01701
2272.272	9.47532E-4	0.0164
2273.778	8.25821E-4	0.01722
2275.284	0.00104	0.01567
2276.79	0.00117	0.01637
2278.296	8.97449E-4	0.0163
2279.802	0.0013	0.01804
2281.308	8.96552E-4	0.01695
2282.814	0.00112	0.01765
2284.32	0.00106	0.01781
2285.826	9.46079E-4	0.01759
2287.332	0.0011	0.01711
2288.838	0.00115	0.01919
2290.344	0.00139	0.0187
2291.85	0.00148	0.0181
2293.356	0.00126	0.01809
2294.862	0.00159	0.01958
2296.368	0.00161	0.01969
2297.874	0.00159	0.01854
2299.38	0.00125	0.0191
2300.886	0.00203	0.01853
2302.392	0.00148	0.0185
2303.898	0.00184	0.01929
2305.404	0.0025	0.02105
2306.91	0.00161	0.01917
2308.416	0.00197	0.01888
2309.922	0.00161	0.02046
2311.428	0.00245	0.01944
2312.934	0.00201	0.01942
2314.44	0.00211	0.02134
2315.946	0.00243	0.02073
2317.452	0.00195	0.02065
2318.958	0.00268	0.02086
2320.464	0.00241	0.01997
2321.97	0.00284	0.02022
2323.476	0.0027	0.02034
2324.982	0.00213	0.02204
2326.488	0.00232	0.02291
2327.994	0.00232	0.02656
2329.5	0.00194	0.0275
2331.006	0.002	0.0296
2332.512	0.00213	0.03186
2334.018	0.00303	0.03666
2335.524	0.00243	0.03706
2337.03	0.0027	0.04228
2338.536	0.00265	0.04557
2340.042	0.00173	0.04867
2341.548	0.00223	0.05458
2343.054	0.00283	0.05519
2344.56	0.00202	0.06199
2346.066	0.00225	0.06155
2347.572	0.00279	0.06028
2349.078	0.00149	0.06201
2350.584	0.0018	0.06432
2352.09	0.00244	0.0775
2353.596	0.00255	0.09653
2355.102	0.00184	0.09143
2356.608	0.00199	0.08605
2358.114	0.0017	0.07757
2359.62	0.00163	0.07413
2361.126	0.00205	0.06882
2362.632	0.00139	0.0692
2364.138	0.00172	0.0727
2365.644	0.00161	0.06749
2367.15	0.00147	0.06964
2368.656	0.00145	0.07106
2370.162	0.00138	0.06661
2371.668	0.00174	0.06675
2373.174	0.00146	0.06308
2374.68	8.33455E-4	0.06134
2376.186	0.00106	0.06368
2377.692	0.00123	0.06047
2379.198	0.00115	0.05806
2380.704	0.00106	0.05933
2382.21	9.81962E-4	0.058
2383.716	8.30962E-4	0.05616
2385.222	4.46166E-4	0.05252
2386.728	7.65273E-4	0.04994
2388.234	4.75171E-4	0.05054
2389.74	5.65036E-4	0.04822
2391.246	9.82195E-4	0.04693
2392.752	7.00993E-4	0.04886
2394.258	6.74365E-4	0.04429
2395.764	7.68427E-4	0.04669
2397.27	5.25398E-4	0.04235
2398.776	6.64679E-4	0.04137
2400.282	6.69021E-4	0.03795
2401.788	5.67194E-4	0.03785
2403.294	8.03776E-4	0.03809
2404.8	7.21619E-4	0.03935
2406.306	4.54933E-4	0.03837
2407.812	3.97107E-4	0.03954
2409.318	5.35008E-4	0.03659
2410.824	5.92015E-4	0.03595
2412.33	5.02102E-4	0.03643
2413.836	7.40984E-4	0.03439
2415.342	2.41734E-4	0.03469
2416.848	4.31201E-4	0.03492
2418.354	5.53595E-4	0.03371
2419.86	3.68538E-4	0.02968
2421.366	3.55953E-4	0.0335
2422.873	3.6874E-4	0.03341
2424.379	4.78181E-4	0.03197
2425.885	3.67213E-4	0.03423
2427.391	5.5632E-4	0.03289
2428.897	2.8066E-4	0.03198
2430.403	4.01258E-4	0.03126
2431.909	4.51724E-4	0.03168
2433.415	3.71515E-4	0.03144
2434.921	7.16269E-4	0.03096
2436.427	1.18512E-4	0.03034
2437.933	2.91093E-4	0.02829
2439.439	4.10734E-4	0.02758
2440.945	3.1784E-4	0.0299
2442.451	3.72957E-4	0.02753
2443.957	3.25545E-4	0.02755
2445.463	3.09565E-4	0.02851
2446.969	4.07319E-4	0.02657
2448.475	6.0657E-4	0.02622
2449.981	4.82038E-4	0.02537
2451.487	2.82372E-4	0.02716
2452.993	3.2287E-4	0.02387
2454.499	5.64122E-4	0.02383
2456.005	4.47848E-4	0.02637
2457.511	3.97838E-4	0.0234
2459.017	2.84464E-4	0.02595
2460.523	3.70033E-4	0.02457
2462.029	5.2054E-4	0.02367
2463.535	2.40981E-4	0.02562
2465.041	4.04006E-4	0.02458
2466.547	2.44425E-4	0.02429
2468.053	2.49798E-4	0.0235
2469.559	4.19034E-4	0.02519
2471.065	2.89723E-4	0.02231
2472.571	4.1578E-4	0.0249
2474.077	3.34938E-4	0.02403
2475.583	4.83696E-4	0.02281
2477.089	1.6592E-4	0.02265
2478.595	3.22102E-4	0.02443
2480.101	3.73224E-4	0.02232
2481.607	3.66188E-4	0.02349
2483.113	2.85629E-4	0.02372
2484.619	7.8864E-5	0.02239
2486.125	3.66921E-4	0.02312
2487.631	2.8666E-4	0.02023
2489.137	2.05513E-4	0.02171
2490.643	2.02904E-4	0.02349
2492.149	6.1073E-4	0.02335
2493.655	1.63139E-4	0.02128
2495.161	4.91148E-4	0.0228
2496.667	4.40034E-4	0.02023
2498.173	4.27684E-4	0.02238
2499.679	3.265E-4	0.02105
2501.185	2.43143E-4	0.02037
2502.691	2.83507E-4	0.0209
2504.197	2.84181E-4	0.02329
2505.703	3.52801E-4	0.02123
2507.209	2.45434E-4	0.02142
2508.715	4.52076E-4	0.02389
2510.221	2.9679E-4	0.02382
2511.727	3.71259E-4	0.02154
2513.233	3.32377E-4	0.02189
2514.739	3.6318E-4	0.02156
2516.245	4.55563E-4	0.02194
2517.751	2.73927E-4	0.02148
2519.257	3.60519E-4	0.02147
2520.763	2.90992E-4	0.02119
2522.269	5.93636E-4	0.02166
2523.775	2.57797E-4	0.0234
2525.281	4.87135E-4	0.02292
2526.787	2.58242E-4	0.02244
2528.293	1.67872E-4	0.02252
2529.799	2.10012E-4	0.02206
2531.305	1.27906E-4	0.02276
2532.811	2.42622E-4	0.02234
2534.317	3.72492E-4	0.02101
2535.823	1.23195E-4	0.01964
2537.329	3.13142E-4	0.01335
2538.835	2.07374E-4	0.01329
2540.341	3.07348E-4	0.01874
2541.847	2.70344E-4	0.01932
2543.353	2.74653E-4	0.01918
2544.859	3.13162E-4	0.01926
2546.365	3.23847E-4	0.02006
2547.871	1.96189E-4	0.01858
2549.377	2.44042E-4	0.02007
2550.883	2.42251E-4	0.02034
2552.389	2.72021E-4	0.01963
2553.895	3.51103E-4	0.01844
2555.401	3.30084E-4	0.02014
2556.907	3.16459E-4	0.01921
2558.413	1.60127E-4	0.01856
2559.919	3.26969E-4	0.01947
2561.425	2.92565E-4	0.01983
2562.931	4.28464E-4	0.01937
2564.437	2.80159E-4	0.01894
2565.943	3.15797E-4	0.0174
2567.449	3.64361E-4	0.01934
2568.955	3.63524E-4	0.01824
2570.461	1.59432E-4	0.01972
2571.967	1.6083E-4	0.01959
2573.473	2.05348E-4	0.01957
2574.979	4.0223E-4	0.0192
2576.485	2.86111E-4	0.01672
2577.991	1.23026E-4	0.01899
2579.497	1.65912E-4	0.01894
2581.003	3.34329E-4	0.01858
2582.509	3.57341E-4	0.0177
2584.015	1.63466E-4	0.01755
2585.521	3.16361E-4	0.01862
2587.028	2.50193E-4	0.01836
2588.534	1.18971E-4	0.01868
2590.04	3.26092E-4	0.01873
2591.546	4.15954E-4	0.01862
2593.052	8.30866E-5	0.01807
2594.558	4.85333E-4	0.01788
2596.064	3.66537E-4	0.01805
2597.57	3.49801E-4	0.01797
2599.076	2.01291E-4	0.01968
2600.582	3.1917E-4	0.01748
2602.088	2.46012E-4	0.0186
2603.594	4.93785E-4	0.01969
2605.1	3.63237E-4	0.01928
2606.606	1.17359E-4	0.01755
2608.112	2.02039E-4	0.01985
2609.618	2.4679E-4	0.01843
2611.124	2.46226E-4	0.01997
2612.63	3.62747E-4	0.01873
2614.136	2.39101E-4	0.01802
2615.642	1.63675E-4	0.01874
2617.148	3.20504E-4	0.01939
2618.654	2.45249E-4	0.01871
2620.16	3.5223E-4	0.01884
2621.666	3.71353E-4	0.01868
2623.172	2.85072E-4	0.01895
2624.678	2.96293E-4	0.01865
2626.184	5.61321E-4	0.01911
2627.69	2.87731E-4	0.01929
2629.196	2.81447E-4	0.01975
2630.702	4.82654E-4	0.0195
2632.208	4.00505E-4	0.01933
2633.714	0	0.01913
2635.22	2.84316E-4	0.02009
2636.726	3.62495E-4	0.01794
2638.232	3.54943E-4	0.01926
2639.738	3.2919E-4	0.01931
2641.244	2.00373E-4	0.01999