Time	Ir	Co
					
s	ng cm-2 s-1	ng cm-2 s-1
-51	4.31949E-4	5.14115E-4
-49.494	1.94908E-4	1.27345E-4
-47.988	2.22797E-5	4.17025E-5
-46.482	2.1555E-4	7.81081E-5
-44.976	2.61756E-4	2.02459E-4
-43.47	1.20287E-4	8.34358E-4
-41.964	2.07821E-4	1.80993E-4
-40.458	5.37438E-5	1.24488E-4
-38.952	6.23098E-4	5.11632E-4
-37.446	5.51894E-5	1.54315E-4
-35.94	8.79703E-5	2.4012E-4
-34.434	3.36949E-4	3.26329E-4
-32.928	5.45544E-4	4.0058E-4
-31.422	1.22544E-4	2.78798E-4
-29.916	4.39715E-4	1.51616E-4
-28.41	1.39594E-4	1.23168E-4
-26.904	2.3424E-4	3.82709E-4
-25.398	1.07565E-4	2.20934E-4
-23.892	6.25225E-6	1.47281E-4
-22.386	1.43981E-4	4.07942E-4
-20.88	4.52741E-4	2.59468E-4
-19.374	2.12258E-4	1.81255E-4
-17.868	1.91165E-4	1.1962E-4
-16.362	2.14021E-4	3.39283E-4
-14.856	8.34951E-5	2.85667E-4
-13.35	2.87938E-4	1.71931E-4
-11.844	3.61944E-4	3.51246E-4
-10.338	1.24003E-4	3.26995E-4
-8.832	1.3964E-4	1.77534E-4
-7.326	3.15E-4	2.89112E-4
-5.82	0	2.10138E-4
-4.314	3.15225E-4	2.94653E-4
-2.808	2.67396E-4	4.10864E-4
-1.302	1.25378E-4	1.71196E-4
0.204	9.4067E-5	1.24028E-4
1.71	1.78767E-4	4.60524E-4
3.216	6.34426E-4	0
4.722	8.12498E-5	2.57024E-4
6.228	1.38711E-4	2.88517E-4
7.734	6.19157E-5	4.81454E-5
9.24	3.68977E-4	5.81051E-4
10.746	1.27314E-4	2.06259E-4
12.252	0.00206	0.03925
13.758	0.00874	0.28353
15.264	0.01613	0.72446
16.77	0.02268	1.08435
18.276	0.02577	1.30169
19.782	0.02658	1.33864
21.288	0.02907	1.56209
22.794	0.02984	1.66009
24.3	0.0306	1.78797
25.806	0.03099	1.9337
27.312	0.02905	2.09008
28.818	0.02972	2.02118
30.324	0.02717	2.057
31.83	0.03078	2.18292
33.336	0.03034	2.18384
34.842	0.02994	2.29325
36.348	0.02918	2.25572
37.854	0.03019	2.2589
39.36	0.02943	2.22037
40.866	0.02591	2.23339
42.372	0.02517	2.20431
43.878	0.02854	2.2335
45.384	0.02477	1.97075
46.89	0.02346	1.91049
48.396	0.02188	1.84892
49.902	0.02055	1.75694
51.408	0.02116	1.64126
52.914	0.01906	1.6196
54.42	0.02011	1.50283
55.926	0.01948	1.41837
57.432	0.01702	1.36451
58.938	0.01806	1.27666
60.444	0.01601	1.16326
61.95	0.01313	1.10893
63.456	0.01428	1.03815
64.962	0.01399	0.96571
66.468	0.01355	0.94873
67.974	0.01016	0.85445
69.48	0.01119	0.84199
70.986	0.00933	0.79106
72.492	0.01035	0.76944
73.998	0.00993	0.72647
75.504	0.00895	0.71878
77.01	0.0083	0.65881
78.516	0.00738	0.62869
80.022	0.00625	0.59601
81.528	0.00626	0.56555
83.034	0.00693	0.55238
84.54	0.00662	0.53253
86.046	0.0059	0.49846
87.552	0.00607	0.49796
89.058	0.00632	0.44755
90.564	0.00607	0.4579
92.07	0.00541	0.44383
93.576	0.00419	0.43572
95.082	0.00423	0.42196
96.588	0.00491	0.41221
98.094	0.0038	0.39578
99.6	0.0041	0.38727
101.106	0.00393	0.37801
102.612	0.00352	0.36245
104.118	0.0045	0.37949
105.624	0.00429	0.36338
107.13	0.00363	0.36942
108.636	0.00396	0.35067
110.142	0.00307	0.34737
111.648	0.00369	0.33092
113.155	0.00337	0.3377
114.661	0.00351	0.33885
116.167	0.00324	0.32783
117.673	0.00305	0.32399
119.179	0.00352	0.33081
120.685	0.00345	0.3124
122.191	0.00278	0.32241
123.697	0.00342	0.31052
125.203	0.00364	0.29552
126.709	0.00368	0.30282
128.215	0.00217	0.28929
129.721	0.00346	0.27527
131.227	0.00249	0.28227
132.733	0.00251	0.25925
134.239	0.00355	0.2604
135.745	0.00358	0.25039
137.251	0.00249	0.24902
138.757	0.00277	0.24382
140.263	0.00336	0.2372
141.769	0.00234	0.23813
143.275	0.0024	0.22875
144.781	0.00289	0.23265
146.287	0.00269	0.22882
147.793	0.00348	0.22506
149.299	0.00269	0.22257
150.805	0.00213	0.21906
152.311	0.00308	0.22361
153.817	0.00285	0.21694
155.323	0.00301	0.21822
156.829	0.00223	0.2086
158.335	0.00271	0.20196
159.841	0.00176	0.20066
161.347	0.00266	0.20669
162.853	0.00233	0.19599
164.359	0.00203	0.20862
165.865	0.00192	0.20518
167.371	0.00282	0.1926
168.877	0.00214	0.19686
170.383	0.00252	0.19925
171.889	0.00174	0.19098
173.395	0.0024	0.19955
174.901	0.00192	0.19258
176.407	0.00243	0.18433
177.913	0.00208	0.18103
179.419	0.00135	0.18669
180.925	0.00206	0.19002
182.431	0.00201	0.17525
183.937	0.00254	0.16675
185.443	0.00218	0.17348
186.949	0.00251	0.17689
188.455	0.00271	0.1682
189.961	0.0019	0.16806
191.467	0.00278	0.17344
192.973	0.00306	0.1678
194.479	0.00242	0.15911
195.985	0.0026	0.15667
197.491	0.00208	0.15742
198.997	0.00178	0.14705
200.503	0.00149	0.1627
202.009	0.00209	0.15224
203.515	0.00207	0.14897
205.021	0.00243	0.14529
206.527	0.00246	0.15847
208.033	0.00223	0.15011
209.539	0.00217	0.14741
211.045	0.00205	0.14573
212.551	0.00214	0.1488
214.057	0.00202	0.13425
215.563	0.00219	0.14127
217.069	0.00241	0.14349
218.575	0.00188	0.14375
220.081	0.00163	0.13873
221.587	0.00205	0.14217
223.093	0.00273	0.13975
224.599	0.00218	0.13688
226.105	0.00188	0.13637
227.611	0.00213	0.12748
229.117	0.00221	0.12842
230.623	0.00191	0.12882
232.129	0.00223	0.12777
233.635	0.00142	0.13119
235.141	0.00167	0.13128
236.647	0.00231	0.12868
238.153	0.00186	0.12641
239.659	0.00229	0.12982
241.165	0.00186	0.12734
242.671	0.00195	0.12595
244.177	0.00213	0.12561
245.683	0.00152	0.12509
247.189	0.00191	0.11908
248.695	0.00183	0.12672
250.201	0.00186	0.13187
251.707	0.00174	0.13092
253.213	0.00201	0.11457
254.719	0.00172	0.11113
256.225	0.00167	0.10915
257.731	0.00197	0.11165
259.237	0.00187	0.11537
260.743	0.00203	0.11796
262.249	0.00179	0.1139
263.755	0.00193	0.10957
265.261	0.0014	0.10942
266.767	0.00158	0.10823
268.273	0.00171	0.11447
269.779	0.00178	0.11363
271.285	0.00166	0.11701
272.791	0.00198	0.11105
274.297	0.00168	0.10318
275.803	0.00168	0.10645
277.309	0.00224	0.10482
278.816	0.00148	0.11017
280.322	0.00212	0.10359
281.828	0.00182	0.10475
283.334	0.00188	0.10881
284.84	0.00197	0.104
286.346	0.00122	0.10734
287.852	0.00189	0.11275
289.358	0.00239	0.10689
290.864	0.00137	0.10835
292.37	0.00226	0.10747
293.876	0.00191	0.10977
295.382	0.00158	0.10117
296.888	0.00154	0.10295
298.394	0.00172	0.10091
299.9	0.00164	0.10233
301.406	0.00134	0.1067
302.912	0.00262	0.12553
304.418	0.00298	0.15777
305.924	0.00297	0.18313
307.43	0.00364	0.19407
308.936	0.00454	0.25416
310.442	0.00576	0.27885
311.948	0.00604	0.33103
313.454	0.00896	0.40544
314.96	0.009	0.44557
316.466	0.00994	0.46786
317.972	0.01022	0.53571
319.478	0.01172	0.57
320.984	0.01269	0.60639
322.49	0.01362	0.63538
323.996	0.01489	0.6703
325.502	0.01339	0.68029
327.008	0.01598	0.71042
328.514	0.0168	0.72795
330.02	0.01629	0.7235
331.526	0.01666	0.76499
333.032	0.01938	0.75252
334.538	0.01874	0.74703
336.044	0.01968	0.73485
337.55	0.01973	0.71588
339.056	0.01833	0.73376
340.562	0.01749	0.68166
342.068	0.01793	0.66434
343.574	0.02086	0.67529
345.08	0.01686	0.63129
346.586	0.01841	0.60251
348.092	0.01982	0.57095
349.598	0.01843	0.56559
351.104	0.01728	0.54454
352.61	0.01641	0.54662
354.116	0.01807	0.53462
355.622	0.01705	0.50662
357.128	0.0162	0.47953
358.634	0.01479	0.45562
360.14	0.01803	0.42921
361.646	0.01654	0.4274
363.152	0.01655	0.40011
364.658	0.0153	0.38455
366.164	0.01502	0.38939
367.67	0.01562	0.36946
369.176	0.01415	0.36947
370.682	0.0124	0.36171
372.188	0.01439	0.33488
373.694	0.01423	0.32873
375.2	0.01351	0.33718
376.706	0.012	0.31698
378.212	0.01357	0.31939
379.718	0.01119	0.30997
381.224	0.01118	0.31236
382.73	0.01067	0.30626
384.236	0.00994	0.30789
385.742	0.00895	0.30104
387.248	0.00899	0.295
388.754	0.00915	0.30004
390.26	0.00941	0.28643
391.766	0.0093	0.29257
393.272	0.009	0.29409
394.778	0.007	0.28587
396.284	0.00849	0.28594
397.79	0.00711	0.27451
399.296	0.00802	0.28642
400.802	0.00754	0.26232
402.308	0.00683	0.26127
403.814	0.00642	0.25159
405.32	0.00519	0.244
406.826	0.00576	0.24565
408.332	0.00482	0.23916
409.838	0.0039	0.23173
411.344	0.00496	0.22763
412.85	0.00455	0.2131
414.356	0.0052	0.21006
415.862	0.00393	0.20379
417.368	0.00369	0.20397
418.874	0.00353	0.18968
420.38	0.00335	0.18559
421.886	0.00302	0.18852
423.392	0.00371	0.18654
424.898	0.00408	0.17528
426.404	0.00313	0.1686
427.91	0.00359	0.16578
429.416	0.00224	0.15818
430.922	0.003	0.16084
432.428	0.0023	0.15422
433.934	0.00246	0.1558
435.44	0.00171	0.14231
436.946	0.00183	0.13233
438.452	0.00196	0.13152
439.958	0.00214	0.12993
441.464	0.00173	0.13247
442.971	0.00216	0.13536
444.477	0.00215	0.13596
445.983	0.00292	0.12734
447.489	0.00196	0.13719
448.995	0.00196	0.13722
450.501	0.00196	0.14084
452.007	0.00213	0.12726
453.513	0.00194	0.13031
455.019	0.00255	0.13038
456.525	0.00318	0.12595
458.031	0.00221	0.12862
459.537	0.00159	0.11676
461.043	0.00253	0.1235
462.549	0.00204	0.11862
464.055	0.00175	0.11718
465.561	0.00168	0.11507
467.067	0.00169	0.11467
468.573	0.00186	0.11017
470.079	0.0015	0.10932
471.585	0.00212	0.10088
473.091	0.00196	0.10927
474.597	0.00214	0.10417
476.103	0.00224	0.1024
477.609	0.00103	0.10064
479.115	0.00152	0.09679
480.621	0.00135	0.09318
482.127	0.00134	0.08925
483.633	0.0015	0.09247
485.139	0.0016	0.08493
486.645	0.00131	0.09325
488.151	0.00118	0.08771
489.657	0.00148	0.08435
491.163	0.00169	0.08762
492.669	0.00131	0.08385
494.175	0.00144	0.08084
495.681	0.00103	0.08134
497.187	0.00134	0.08142
498.693	0.00138	0.08191
500.199	0.00112	0.0837
501.705	0.00142	0.07921
503.211	0.00165	0.07997
504.717	0.00129	0.07851
506.223	0.00168	0.08052
507.729	0.00129	0.08294
509.235	0.00158	0.08306
510.741	0.0011	0.0806
512.247	0.00141	0.08067
513.753	0.00157	0.07467
515.259	0.00145	0.07711
516.765	0.00129	0.07805
518.271	0.00104	0.07391
519.777	0.00106	0.07385
521.283	0.00126	0.07094
522.789	0.00143	0.07313
524.295	0.00132	0.07375
525.801	0.00167	0.07509
527.307	0.00151	0.07341
528.813	0.00156	0.07087
530.319	0.00111	0.06992
531.825	0.00126	0.07092
533.331	0.00144	0.0725
534.837	0.00159	0.07071
536.343	0.00144	0.07019
537.849	9.67839E-4	0.06834
539.355	0.0017	0.07306
540.861	0.00102	0.06474
542.367	0.00107	0.069
543.873	8.65461E-4	0.07015
545.379	0.00124	0.06341
546.885	0.00168	0.06324
548.391	0.0017	0.06129
549.897	0.00121	0.05982
551.403	9.37472E-4	0.06277
552.909	0.00102	0.06201
554.415	9.71877E-4	0.05959
555.921	0.0011	0.06063
557.427	6.64366E-4	0.0628
558.933	0.00129	0.06199
560.439	0.00126	0.06302
561.945	0.00137	0.06425
563.451	0.00164	0.06577
564.957	0.00116	0.06203
566.463	0.00148	0.06556
567.969	0.00102	0.0603
569.475	0.0013	0.05977
570.981	9.21268E-4	0.06383
572.487	7.7356E-4	0.05846
573.993	0.00112	0.05859
575.499	0.00161	0.05569
577.005	0.00138	0.06116
578.511	0.00165	0.06063
580.017	0.00132	0.05772
581.523	0.00112	0.06056
583.029	0.00154	0.05997
584.535	0.00183	0.05683
586.041	0.00101	0.05754
587.547	0.00112	0.05874
589.053	0.00105	0.0593
590.559	0.00111	0.0587
592.065	0.00106	0.05903
593.571	6.63045E-4	0.05571
595.077	9.67706E-4	0.06004
596.583	0.00159	0.05435
598.089	0.0012	0.05923
599.595	7.12313E-4	0.05908
601.101	0.00105	0.05357
602.607	0.00132	0.05711
604.113	0.00112	0.05789
605.619	0.00113	0.06318
607.125	0.00115	0.05797
608.632	0.00157	0.05578
610.138	0.00118	0.05517
611.644	5.83056E-4	0.05733
613.15	7.58973E-4	0.05443
614.656	0.00103	0.05494
616.162	7.83614E-4	0.05553
617.668	9.94347E-4	0.05394
619.174	0.00139	0.05865
620.68	0.00129	0.05994
622.186	0.00137	0.06253
623.692	0.00118	0.05739
625.198	0.00117	0.05969
626.704	0.00109	0.05908
628.21	0.0015	0.05799
629.716	0.00109	0.05966
631.222	0.00121	0.052
632.728	0.00144	0.05557
634.234	8.56553E-4	0.05765
635.74	0.00105	0.05667
637.246	9.51843E-4	0.05267
638.752	0.00112	0.05501
640.258	0.00134	0.0544
641.764	0.00112	0.05232
643.27	0.00149	0.0515
644.776	0.00123	0.04842
646.282	0.00128	0.05345
647.788	0.00108	0.05007
649.294	0.0012	0.0491
650.8	0.00143	0.04876
652.306	0.00123	0.04728
653.812	0.00126	0.04723
655.318	6.88638E-4	0.04813
656.824	0.00158	0.04769
658.33	0.00135	0.04881
659.836	0.00111	0.04904
661.342	9.4248E-4	0.05075
662.848	0.00157	0.05257
664.354	0.00185	0.0539
665.86	0.00186	0.05605
667.366	0.00223	0.06269
668.872	0.00299	0.06733
670.378	0.00356	0.06761
671.884	0.00294	0.06615
673.39	0.00532	0.08123
674.896	0.00581	0.0899
676.402	0.00544	0.09615
677.908	0.00774	0.10753
679.414	0.00714	0.11258
680.92	0.007	0.12376
682.426	0.00828	0.12059
683.932	0.00787	0.11878
685.438	0.00952	0.13398
686.944	0.00892	0.13657
688.45	0.00999	0.14908
689.956	0.0096	0.15502
691.462	0.01072	0.15436
692.968	0.01114	0.15975
694.474	0.01212	0.16444
695.98	0.012	0.17498
697.486	0.01351	0.16593
698.992	0.01347	0.1616
700.498	0.01374	0.17181
702.004	0.01381	0.17482
703.51	0.01206	0.16827
705.016	0.0146	0.17802
706.522	0.01398	0.16607
708.028	0.01316	0.16898
709.534	0.01418	0.1626
711.04	0.01393	0.16115
712.546	0.013	0.16295
714.052	0.01334	0.15801
715.558	0.01304	0.15537
717.064	0.01318	0.15529
718.57	0.01191	0.15002
720.076	0.0118	0.13793
721.582	0.01253	0.1402
723.088	0.01179	0.1495
724.594	0.01098	0.14449
726.1	0.01076	0.14425
727.606	0.01242	0.14034
729.112	0.01417	0.15875
730.618	0.0132	0.17304
732.124	0.01457	0.17346
733.63	0.01024	0.16539
735.136	0.01429	0.16954
736.642	0.01303	0.1525
738.148	0.01209	0.15536
739.654	0.00999	0.14629
741.16	0.01036	0.14026
742.666	0.00947	0.13784
744.172	0.00945	0.13737
745.678	0.00998	0.13386
747.184	0.00939	0.13433
748.69	0.00775	0.1364
750.196	0.00725	0.12744
751.702	0.00767	0.12825
753.208	0.00714	0.12547
754.714	0.00674	0.12365
756.22	0.00591	0.12155
757.726	0.00706	0.1144
759.232	0.00537	0.1164
760.738	0.00517	0.10239
762.244	0.00461	0.10804
763.75	0.00499	0.10016
765.256	0.00418	0.09339
766.762	0.0044	0.09367
768.268	0.00407	0.08777
769.774	0.00398	0.09228
771.28	0.00409	0.08688
772.787	0.00351	0.0833
774.293	0.00341	0.08262
775.799	0.00316	0.08283
777.305	0.00283	0.08292
778.811	0.00275	0.07746
780.317	0.00227	0.07341
781.823	0.0033	0.07429
783.329	0.00233	0.07049
784.835	0.00251	0.07297
786.341	0.00288	0.06838
787.847	0.00215	0.06872
789.353	0.00228	0.06374
790.859	0.00206	0.06554
792.365	0.00225	0.06404
793.871	0.00195	0.06765
795.377	0.00127	0.065
796.883	0.0021	0.06278
798.389	0.00262	0.06232
799.895	0.00243	0.05849
801.401	0.00168	0.06173
802.907	0.00111	0.061
804.413	0.00178	0.05842
805.919	0.00154	0.0611
807.425	0.00182	0.05796
808.931	0.00171	0.05648
810.437	0.00242	0.05528
811.943	0.00189	0.05495
813.449	0.00168	0.05591
814.955	0.00167	0.05191
816.461	0.0014	0.04957
817.967	0.00172	0.04958
819.473	0.00173	0.04961
820.979	0.00165	0.04916
822.485	0.00147	0.04936
823.991	0.00243	0.05905
825.497	0.00287	0.06339
827.003	0.00214	0.06786
828.509	0.00227	0.06125
830.015	9.65638E-4	0.05503
831.521	0.00193	0.05147
833.027	0.00127	0.04909
834.533	0.00165	0.0482
836.039	0.00151	0.04724
837.545	0.0011	0.04782
839.051	0.00128	0.04979
840.557	0.00165	0.04978
842.063	0.00164	0.04544
843.569	0.0012	0.04905
845.075	0.00153	0.04852
846.581	0.00106	0.04639
848.087	0.00137	0.04674
849.593	0.00123	0.04522
851.099	8.29033E-4	0.04494
852.605	0.00104	0.04402
854.111	0.00114	0.04273
855.617	8.84296E-4	0.04456
857.123	0.00139	0.04409
858.629	0.00134	0.0434
860.135	9.89361E-4	0.04462
861.641	8.43835E-4	0.04397
863.147	0.00154	0.04393
864.653	0.00117	0.04351
866.159	9.97949E-4	0.04552
867.665	0.00115	0.04656
869.171	0.00108	0.04282
870.677	0.00106	0.04407
872.183	0.0013	0.04287
873.689	0.00127	0.04339
875.195	0.00141	0.04462
876.701	0.00122	0.04683
878.207	0.00101	0.04364
879.713	0.00127	0.04442
881.219	8.11272E-4	0.04201
882.725	8.64723E-4	0.04414
884.231	0.00133	0.04012
885.737	0.00102	0.04125
887.243	6.91176E-4	0.03935
888.749	0.00102	0.03914
890.255	0.00145	0.04102
891.761	5.79947E-4	0.04053
893.267	7.5844E-4	0.03942
894.773	9.19304E-4	0.03851
896.279	9.48956E-4	0.03948
897.785	0.00117	0.03908
899.291	0.00115	0.03777
900.797	0.0012	0.03725
902.303	8.18333E-4	0.03809
903.809	0.00122	0.03701
905.315	0.00104	0.03915
906.821	9.79303E-4	0.03844
908.327	0.00125	0.03868
909.833	9.01124E-4	0.0369
911.339	0.00145	0.03809
912.845	0.00148	0.0354
914.351	0.00107	0.04028
915.857	5.82992E-4	0.03935
917.363	0.00108	0.03739
918.869	0.00106	0.03609
920.375	0.00111	0.03824
921.881	9.88165E-4	0.04348
923.387	0.00114	0.04383
924.893	0.00106	0.04109
926.399	0.00153	0.04139
927.905	0.00104	0.03781
929.411	0.00109	0.04093
930.917	0.00152	0.03634
932.423	0.00132	0.03873
933.929	0.00117	0.03724
935.435	6.82029E-4	0.03376
936.941	9.52261E-4	0.03444
938.448	0.00117	0.03799
939.954	8.07361E-4	0.03434
941.46	8.28243E-4	0.03436
942.966	0.0012	0.03439
944.472	0.00104	0.03664
945.978	9.47469E-4	0.03407
947.484	8.14517E-4	0.03507
948.99	8.92076E-4	0.03411
950.496	6.76298E-4	0.03359
952.002	5.31297E-4	0.03195
953.508	7.4333E-4	0.03246
955.014	8.15821E-4	0.03549
956.52	0.00109	0.03365
958.026	8.72823E-4	0.0338
959.532	0.00103	0.03401
961.038	9.15825E-4	0.03381
962.544	9.47567E-4	0.03492
964.05	0.00107	0.03534
965.556	8.9295E-4	0.0352
967.062	0.00125	0.03685
968.568	0.00125	0.03565
970.074	0.00101	0.0347
971.58	5.41398E-4	0.03235
973.086	0.00113	0.03633
974.592	9.68321E-4	0.03361
976.098	8.39546E-4	0.03522
977.604	0.00101	0.03375
979.11	0.00127	0.03616
980.616	7.20734E-4	0.03521
982.122	0.00116	0.03529
983.628	7.31804E-4	0.03446
985.134	0.00112	0.03367
986.64	0.00105	0.03421
988.146	9.02495E-4	0.03324
989.652	9.4589E-4	0.03174
991.158	0.00105	0.03545
992.664	7.39199E-4	0.03482
994.17	7.42481E-4	0.03543
995.676	8.68938E-4	0.03449
997.182	0.00124	0.03246
998.688	6.5839E-4	0.0315
1000.194	9.95537E-4	0.03325
1001.7	9.36726E-4	0.03261
1003.206	6.24948E-4	0.03387
1004.712	0.00115	0.03161
1006.218	8.97021E-4	0.03062
1007.724	0.00105	0.03128
1009.23	7.55298E-4	0.03277
1010.736	7.8482E-4	0.03182
1012.242	0.00116	0.03107
1013.748	9.58386E-4	0.02954
1015.254	9.42721E-4	0.0299
1016.76	6.23578E-4	0.02909
1018.266	8.23316E-4	0.03351
1019.772	0.00107	0.02888
1021.278	6.9474E-4	0.03119
1022.784	9.36368E-4	0.03157
1024.29	0.00101	0.02733
1025.796	9.00469E-4	0.03082
1027.302	0.00142	0.03172
1028.808	0.00156	0.03291
1030.314	0.00213	0.03543
1031.82	0.00251	0.03793
1033.326	0.00279	0.03817
1034.832	0.00196	0.03545
1036.338	0.0039	0.03945
1037.844	0.00443	0.05493
1039.35	0.00506	0.05608
1040.856	0.00556	0.06126
1042.362	0.00545	0.0633
1043.868	0.00636	0.0708
1045.374	0.00714	0.06985
1046.88	0.00734	0.0694
1048.386	0.00917	0.08091
1049.892	0.00771	0.08501
1051.398	0.0088	0.0864
1052.904	0.00981	0.08719
1054.41	0.01039	0.09275
1055.916	0.01089	0.09579
1057.422	0.00966	0.09892
1058.928	0.01146	0.09838
1060.434	0.01007	0.09548
1061.94	0.01011	0.09702
1063.446	0.01133	0.09506
1064.952	0.01139	0.09725
1066.458	0.01036	0.09724
1067.964	0.01049	0.09095
1069.47	0.01067	0.10336
1070.976	0.01092	0.09112
1072.482	0.01036	0.099
1073.988	0.01095	0.09526
1075.494	0.01089	0.09144
1077	0.01068	0.09422
1078.506	0.00977	0.09211
1080.012	0.01037	0.08857
1081.518	0.01043	0.09168
1083.024	0.01051	0.08879
1084.53	0.01089	0.08849
1086.036	0.00986	0.087
1087.542	0.01106	0.09343
1089.048	0.00937	0.08481
1090.554	0.01064	0.08903
1092.06	0.00776	0.08924
1093.566	0.00923	0.08322
1095.072	0.0091	0.0896
1096.578	0.01036	0.09102
1098.084	0.00871	0.08721
1099.59	0.0087	0.09076
1101.096	0.0083	0.09008
1102.602	0.00874	0.08602
1104.109	0.00868	0.09031
1105.615	0.00742	0.08697
1107.121	0.00702	0.08758
1108.627	0.0092	0.08377
1110.133	0.00813	0.08621
1111.639	0.00779	0.08623
1113.145	0.00838	0.08242
1114.651	0.00653	0.08099
1116.157	0.00653	0.08822
1117.663	0.00594	0.08122
1119.169	0.00445	0.08037
1120.675	0.00626	0.07793
1122.181	0.00604	0.07962
1123.687	0.00438	0.07679
1125.193	0.00525	0.07125
1126.699	0.004	0.06984
1128.205	0.00421	0.06802
1129.711	0.00383	0.06846
1131.217	0.00394	0.06296
1132.723	0.00465	0.0648
1134.229	0.00445	0.06537
1135.735	0.00343	0.06183
1137.241	0.00318	0.05712
1138.747	0.00324	0.05607
1140.253	0.00405	0.05937
1141.759	0.00391	0.05708
1143.265	0.00201	0.05707
1144.771	0.00402	0.05112
1146.277	0.00285	0.05297
1147.783	0.00245	0.04999
1149.289	0.00279	0.05385
1150.795	0.00223	0.05208
1152.301	0.00167	0.04946
1153.807	0.00188	0.0495
1155.313	0.00241	0.0476
1156.819	0.00213	0.04644
1158.325	0.0023	0.04325
1159.831	0.00185	0.0442
1161.337	0.00204	0.04626
1162.843	0.00175	0.04264
1164.349	0.00172	0.04467
1165.855	0.00169	0.04626
1167.361	0.00258	0.05042
1168.867	0.00243	0.0477
1170.373	0.00186	0.04474
1171.879	0.00178	0.04199
1173.385	0.00179	0.0399
1174.891	0.00154	0.03837
1176.397	0.00135	0.03407
1177.903	0.00129	0.03459
1179.409	8.68173E-4	0.03216
1180.915	0.00129	0.02836
1182.421	0.00123	0.0393
1183.927	0.00106	0.0363
1185.433	0.00175	0.03578
1186.939	8.6422E-4	0.03381
1188.445	9.79011E-4	0.0339
1189.951	0.00117	0.03286
1191.457	0.0013	0.03566
1192.963	0.00142	0.03727
1194.469	0.00126	0.03599
1195.975	9.8007E-4	0.03292
1197.481	0.00134	0.03509
1198.987	0.00118	0.03596
1200.493	0.00125	0.03431
1201.999	0.0013	0.03283
1203.505	0.00219	0.03375
1205.011	0.00117	0.03375
1206.517	9.20782E-4	0.0344
1208.023	0.00137	0.034
1209.529	0.00145	0.03335
1211.035	0.00117	0.03233
1212.541	0.00117	0.03209
1214.047	0.00152	0.03228
1215.553	0.00117	0.03011
1217.059	0.00124	0.02849
1218.565	0.00109	0.02889
1220.071	0.00161	0.03059
1221.577	0.00108	0.02957
1223.083	0.00109	0.03079
1224.589	7.70259E-4	0.02943
1226.095	0.00116	0.02919
1227.601	7.63155E-4	0.02999
1229.107	0.00118	0.03177
1230.613	0.0014	0.02822
1232.119	0.00122	0.02876
1233.625	9.79134E-4	0.03008
1235.131	8.83527E-4	0.02944
1236.637	8.98998E-4	0.02941
1238.143	0.0012	0.02865
1239.649	0.00125	0.031
1241.155	0.00105	0.02942
1242.661	0.00117	0.03189
1244.167	5.67265E-4	0.02673
1245.673	0.00115	0.02753
1247.179	8.77148E-4	0.02717
1248.685	0.00124	0.02715
1250.191	9.20643E-4	0.02868
1251.697	7.91378E-4	0.02806
1253.203	0.00127	0.02713
1254.709	7.77369E-4	0.03047
1256.215	0.00117	0.0314
1257.721	7.16873E-4	0.03027
1259.227	0.00108	0.02976
1260.733	7.9415E-4	0.02915
1262.239	0.0011	0.02725
1263.745	8.67809E-4	0.02853
1265.251	0.00116	0.02949
1266.757	9.15416E-4	0.02691
1268.264	8.50386E-4	0.02773
1269.77	7.07675E-4	0.02919
1271.276	8.77193E-4	0.02826
1272.782	8.22273E-4	0.02742
1274.288	9.90868E-4	0.02826
1275.794	0.00105	0.02733
1277.3	0.00113	0.02706
1278.806	8.32283E-4	0.02557
1280.312	0.0011	0.0246
1281.818	9.19581E-4	0.02546
1283.324	9.95359E-4	0.02454
1284.83	8.78556E-4	0.02853
1286.336	7.61044E-4	0.02718
1287.842	9.21592E-4	0.02723
1289.348	8.35468E-4	0.02636
1290.854	6.6279E-4	0.0292
1292.36	0.00114	0.02656
1293.866	3.72924E-4	0.02615
1295.372	0.0012	0.02539
1296.878	0.00112	0.02572
1298.384	7.23497E-4	0.02435
1299.89	0.00123	0.02559
1301.396	0.00111	0.02835
1302.902	8.95722E-4	0.02444
1304.408	7.46784E-4	0.02657
1305.914	8.21782E-4	0.02557
1307.42	4.83336E-4	0.02264
1308.926	6.40774E-4	0.02417
1310.432	9.19142E-4	0.02322
1311.938	5.35946E-4	0.02669
1313.444	9.12367E-4	0.02732
1314.95	6.62825E-4	0.02639
1316.456	7.31381E-4	0.02722
1317.962	0.00118	0.02686
1319.468	9.1115E-4	0.02842
1320.974	8.76688E-4	0.02829
1322.48	9.30186E-4	0.02492
1323.986	0.00115	0.02489
1325.492	8.39917E-4	0.02595
1326.998	7.05143E-4	0.02687
1328.504	6.01673E-4	0.02661
1330.01	5.81538E-4	0.02736
1331.516	8.05815E-4	0.02734
1333.022	9.87736E-4	0.02488
1334.528	5.60706E-4	0.02493
1336.034	0.00101	0.02406
1337.54	9.15127E-4	0.02657
1339.046	0.00106	0.02471
1340.552	9.73311E-4	0.02748
1342.058	0.0011	0.02445
1343.564	4.85504E-4	0.02538
1345.07	8.50029E-4	0.02526
1346.576	9.50545E-4	0.02439
1348.082	8.1188E-4	0.02575
1349.588	0.00108	0.02417
1351.094	7.55502E-4	0.02316
1352.6	9.74091E-4	0.02652
1354.106	8.58792E-4	0.02463
1355.612	7.86996E-4	0.02505
1357.118	0.00107	0.02162
1358.624	9.26549E-4	0.02455
1360.13	9.84821E-4	0.02511
1361.636	8.35209E-4	0.02441
1363.142	8.07619E-4	0.02567
1364.648	0.00112	0.02437
1366.154	7.69546E-4	0.02583
1367.66	0.00114	0.02548
1369.166	6.88435E-4	0.02523
1370.672	8.3629E-4	0.02518
1372.178	0.00103	0.02655
1373.684	4.90922E-4	0.02546
1375.19	0.00106	0.02527
1376.696	6.23128E-4	0.0241
1378.202	5.49874E-4	0.02351
1379.708	5.81379E-4	0.02351
1381.214	7.173E-4	0.02239
1382.72	0.00106	0.02372
1384.226	9.69656E-4	0.02407
1385.732	9.49347E-4	0.02304
1387.238	0.00117	0.02381
1388.744	0.00179	0.02625
1390.25	0.00168	0.02666
1391.756	0.00193	0.0277
1393.262	0.00146	0.03077
1394.768	0.0028	0.02957
1396.274	0.00319	0.03576
1397.78	0.00313	0.03529
1399.286	0.00421	0.03453
1400.792	0.00383	0.03811
1402.298	0.00461	0.04173
1403.804	0.00539	0.04454
1405.31	0.00518	0.04703
1406.816	0.00517	0.0492
1408.322	0.00484	0.04838
1409.828	0.00596	0.05046
1411.334	0.00694	0.05308
1412.84	0.00732	0.05877
1414.346	0.00775	0.05937
1415.852	0.00902	0.06106
1417.358	0.00884	0.06062
1418.864	0.01141	0.06611
1420.37	0.00928	0.07026
1421.876	0.00968	0.07035
1423.382	0.0085	0.0691
1424.888	0.00982	0.06816
1426.394	0.00962	0.06958
1427.9	0.00958	0.06649
1429.406	0.01046	0.06458
1430.912	0.01134	0.07398
1432.418	0.01086	0.07139
1433.925	0.01312	0.08186
1435.431	0.01087	0.08117
1436.937	0.00998	0.07027
1438.443	0.01102	0.07696
1439.949	0.01151	0.07421
1441.455	0.01061	0.06993
1442.961	0.00849	0.06527
1444.467	0.01041	0.06438
1445.973	0.00997	0.06595
1447.479	0.01012	0.06768
1448.985	0.01006	0.06678
1450.491	0.00918	0.06101
1451.997	0.00918	0.06214
1453.503	0.00881	0.05878
1455.009	0.00877	0.06166
1456.515	0.00844	0.0629
1458.021	0.00744	0.06312
1459.527	0.00832	0.0665
1461.033	0.00788	0.05979
1462.539	0.00845	0.0649
1464.045	0.0084	0.07008
1465.551	0.00752	0.06184
1467.057	0.00661	0.06142
1468.563	0.00763	0.06477
1470.069	0.00642	0.0674
1471.575	0.00578	0.06097
1473.081	0.00639	0.06891
1474.587	0.00565	0.06253
1476.093	0.00579	0.06271
1477.599	0.00583	0.06114
1479.105	0.00545	0.05895
1480.611	0.00614	0.05816
1482.117	0.00442	0.05771
1483.623	0.00491	0.05906
1485.129	0.00613	0.05697
1486.635	0.00407	0.0516
1488.141	0.00462	0.05573
1489.647	0.00521	0.05497
1491.153	0.00452	0.05408
1492.659	0.00441	0.04845
1494.165	0.00405	0.05044
1495.671	0.00316	0.0502
1497.177	0.00312	0.04645
1498.683	0.00303	0.04397
1500.189	0.00269	0.04606
1501.695	0.00289	0.04735
1503.201	0.00237	0.04331
1504.707	0.00269	0.04406
1506.213	0.00313	0.04386
1507.719	0.00231	0.04044
1509.225	0.0026	0.04024
1510.731	0.00249	0.03888
1512.237	0.00241	0.03755
1513.743	0.0024	0.03633
1515.249	0.00268	0.03618
1516.755	0.00181	0.03502
1518.261	0.00159	0.03445
1519.767	0.00148	0.0353
1521.273	0.0024	0.03427
1522.779	0.0019	0.03386
1524.285	0.00195	0.03351
1525.791	0.0018	0.04007
1527.297	0.0021	0.03705
1528.803	0.00135	0.0363
1530.309	0.00198	0.03397
1531.815	0.0019	0.03159
1533.321	0.00105	0.03161
1534.827	9.03729E-4	0.02915
1536.333	0.00122	0.03122
1537.839	0.00111	0.03013
1539.345	0.00121	0.02951
1540.851	0.00189	0.02841
1542.357	0.00162	0.03128
1543.863	0.002	0.02884
1545.369	0.00147	0.02938
1546.875	0.00154	0.02769
1548.381	0.00124	0.02875
1549.887	0.00143	0.02618
1551.393	0.00118	0.03013
1552.899	0.00139	0.02948
1554.405	0.00107	0.02793
1555.911	0.00135	0.02966
1557.417	0.00105	0.025
1558.923	9.00446E-4	0.02765
1560.429	0.00135	0.02667
1561.935	9.4623E-4	0.02755
1563.441	0.00132	0.02629
1564.947	0.0013	0.02594
1566.453	0.00107	0.02686
1567.959	0.0014	0.02874
1569.465	0.00104	0.02682
1570.971	0.0012	0.02196
1572.477	0.00113	0.02335
1573.983	0.00103	0.02634
1575.489	5.91322E-4	0.02634
1576.995	8.43286E-4	0.02949
1578.501	7.96791E-4	0.02674
1580.007	6.95021E-4	0.02575
1581.513	0.0011	0.02539
1583.019	0.0011	0.02436
1584.525	0.00101	0.02519
1586.031	9.98102E-4	0.02507
1587.537	0.00145	0.02474
1589.043	6.23161E-4	0.02557
1590.549	0.0011	0.02271
1592.055	0.00116	0.02593
1593.561	0.0014	0.02603
1595.067	0.00106	0.02376
1596.573	0.00137	0.02305
1598.08	8.43461E-4	0.02325
1599.586	6.6945E-4	0.02436
1601.092	0.00117	0.02309
1602.598	0.00106	0.02444
1604.104	0.00142	0.02374
1605.61	7.20678E-4	0.02265
1607.116	6.93598E-4	0.02451
1608.622	0.00107	0.0229
1610.128	9.49591E-4	0.02429
1611.634	8.49028E-4	0.02219
1613.14	5.69705E-4	0.02584
1614.646	0.00122	0.02347
1616.152	0.00102	0.02129
1617.658	6.72646E-4	0.0253
1619.164	4.18149E-4	0.02357
1620.67	9.01475E-4	0.023
1622.176	9.98943E-4	0.02282
1623.682	9.25311E-4	0.02256
1625.188	0.00103	0.02381
1626.694	0.00118	0.02375
1628.2	0.00109	0.02346
1629.706	6.28395E-4	0.02205
1631.212	0.00108	0.02213
1632.718	9.59231E-4	0.02264
1634.224	9.1122E-4	0.02386
1635.73	8.45753E-4	0.02346
1637.236	0.00106	0.02246
1638.742	8.2439E-4	0.02135
1640.248	7.96812E-4	0.02578
1641.754	0.00138	0.02429
1643.26	0.00105	0.02259
1644.766	7.7362E-4	0.02289
1646.272	7.11267E-4	0.02223
1647.778	8.19334E-4	0.02151
1649.284	7.60801E-4	0.02148
1650.79	8.5524E-4	0.02284
1652.296	0.00106	0.02364
1653.802	5.76834E-4	0.02335
1655.308	9.42215E-4	0.02354
1656.814	7.75862E-4	0.02202
1658.32	6.82066E-4	0.02238
1659.826	5.56384E-4	0.02247
1661.332	0.0012	0.02388
1662.838	6.71213E-4	0.02203
1664.344	3.68177E-4	0.02147
1665.85	6.07639E-4	0.02108
1667.356	5.43425E-4	0.02037
1668.862	9.45211E-4	0.0226
1670.368	0.00102	0.02194
1671.874	7.22518E-4	0.02229
1673.38	0.00105	0.02095
1674.886	8.90996E-4	0.02137
1676.392	7.86215E-4	0.0217
1677.898	7.58932E-4	0.02225
1679.404	0.00111	0.0226
1680.91	8.79161E-4	0.02045
1682.416	7.41692E-4	0.0223
1683.922	5.74405E-4	0.02204
1685.428	0.00109	0.02165
1686.934	0.00113	0.02186
1688.44	0.00104	0.02193
1689.946	5.93427E-4	0.02047
1691.452	0.00121	0.02216
1692.958	4.83461E-4	0.02135
1694.464	8.82285E-4	0.02123
1695.97	8.52644E-4	0.02186
1697.476	5.65952E-4	0.0217
1698.982	7.30421E-4	0.02171
1700.488	9.37394E-4	0.0217
1701.994	9.37977E-4	0.02235
1703.5	6.5475E-4	0.0204
1705.006	7.38103E-4	0.0198
1706.512	9.19165E-4	0.02144
1708.018	5.76709E-4	0.01866
1709.524	9.48254E-4	0.02242
1711.03	7.16632E-4	0.02044
1712.536	3.50363E-4	0.01959
1714.042	8.51881E-4	0.0202
1715.548	7.22875E-4	0.02041
1717.054	5.87148E-4	0.02191
1718.56	5.62074E-4	0.02302
1720.066	7.61432E-4	0.02136
1721.572	9.39523E-4	0.02065
1723.078	7.88748E-4	0.02168
1724.584	5.92408E-4	0.02253
1726.09	9.84205E-4	0.02111
1727.596	9.15055E-4	0.02012
1729.102	9.58431E-4	0.01836
1730.608	0.00104	0.01999
1732.114	8.22622E-4	0.02073
1733.62	7.23309E-4	0.0196
1735.126	8.3959E-4	0.02213
1736.632	8.28607E-4	0.02142
1738.138	0.00108	0.02126
1739.644	8.17294E-4	0.02016
1741.15	5.82256E-4	0.02047
1742.656	8.16444E-4	0.02
1744.162	7.34274E-4	0.0203
1745.668	9.6486E-4	0.02029
1747.174	9.09958E-4	0.02225
1748.68	0.00114	0.0216
1750.186	0.00115	0.0215
1751.692	0.00143	0.02204
1753.198	0.00199	0.02319
1754.704	0.00168	0.02477
1756.21	0.00253	0.02348
1757.716	0.00262	0.02292
1759.222	0.0032	0.02709
1760.728	0.00367	0.02857
1762.234	0.00373	0.03148
1763.741	0.00414	0.03134
1765.247	0.00468	0.03339
1766.753	0.00458	0.03817
1768.259	0.00579	0.04069
1769.765	0.0044	0.04056
1771.271	0.00655	0.04276
1772.777	0.00695	0.04433
1774.283	0.00759	0.04602
1775.789	0.00703	0.04611
1777.295	0.00836	0.04983
1778.801	0.00927	0.04956
1780.307	0.00809	0.05319
1781.813	0.00773	0.05637
1783.319	0.00908	0.05754
1784.825	0.00902	0.05633
1786.331	0.00951	0.05427
1787.837	0.00937	0.053
1789.343	0.00946	0.05276
1790.849	0.00833	0.05332
1792.355	0.01027	0.06092
1793.861	0.00917	0.05591
1795.367	0.0093	0.05494
1796.873	0.00958	0.05363
1798.379	0.00979	0.05491
1799.885	0.00996	0.0614
1801.391	0.00951	0.05533
1802.897	0.00802	0.05258
1804.403	0.00965	0.0567
1805.909	0.00794	0.05225
1807.415	0.00849	0.0525
1808.921	0.00971	0.05348
1810.427	0.0098	0.05358
1811.933	0.00949	0.05624
1813.439	0.00763	0.05813
1814.945	0.00871	0.05622
1816.451	0.00763	0.05544
1817.957	0.00797	0.05693
1819.463	0.00809	0.05681
1820.969	0.00893	0.05489
1822.475	0.00827	0.05649
1823.981	0.00848	0.05588
1825.487	0.0086	0.05763
1826.993	0.00641	0.05453
1828.499	0.00841	0.05493
1830.005	0.00773	0.05583
1831.511	0.00707	0.05601
1833.017	0.00693	0.05246
1834.523	0.00633	0.05314
1836.029	0.00571	0.05427
1837.535	0.00689	0.05574
1839.041	0.00632	0.05148
1840.547	0.00597	0.05365
1842.053	0.00667	0.05113
1843.559	0.00576	0.05198
1845.065	0.00566	0.04996
1846.571	0.00513	0.04856
1848.077	0.00563	0.05507
1849.583	0.00506	0.05777
1851.089	0.00575	0.05669
1852.595	0.00501	0.05032
1854.101	0.00441	0.04465
1855.607	0.00348	0.04072
1857.113	0.00364	0.04262
1858.619	0.00355	0.04284
1860.125	0.00329	0.04025
1861.631	0.00358	0.03837
1863.137	0.00342	0.04003
1864.643	0.00322	0.03861
1866.149	0.00252	0.03698
1867.655	0.00214	0.03386
1869.161	0.00247	0.03486
1870.667	0.00226	0.03486
1872.173	0.0027	0.03471
1873.679	0.00212	0.03861
1875.185	0.00224	0.03349
1876.691	0.00149	0.0337
1878.197	0.00187	0.03255
1879.703	0.00188	0.03209
1881.209	0.00214	0.03099
1882.715	0.00159	0.03128
1884.221	0.00181	0.02854
1885.727	0.00207	0.03
1887.233	0.00218	0.0292
1888.739	0.00169	0.02727
1890.245	0.00189	0.0299
1891.751	0.00191	0.02798
1893.257	0.00176	0.028
1894.763	0.00123	0.02776
1896.269	0.0013	0.02812
1897.775	0.00171	0.02723
1899.281	0.00142	0.03009
1900.787	0.00142	0.02852
1902.293	0.00135	0.02684
1903.799	0.00132	0.02544
1905.305	0.0011	0.02673
1906.811	0.00175	0.02499
1908.317	0.00152	0.02684
1909.823	0.00146	0.02643
1911.329	0.0013	0.02499
1912.835	8.62506E-4	0.02671
1914.341	0.00127	0.0258
1915.847	0.00163	0.02837
1917.353	0.00151	0.02624
1918.859	8.86906E-4	0.02631
1920.365	0.00145	0.02481
1921.871	0.00129	0.02919
1923.377	0.00151	0.02646
1924.883	0.00149	0.02549
1926.389	0.00118	0.02474
1927.896	0.00133	0.0275
1929.402	8.54196E-4	0.02828
1930.908	0.00103	0.02521
1932.414	0.00118	0.02422
1933.92	0.00146	0.02475
1935.426	0.00146	0.02483
1936.932	0.00103	0.02354
1938.438	0.00128	0.02343
1939.944	9.91271E-4	0.02288
1941.45	0.00137	0.02492
1942.956	0.00105	0.02468
1944.462	0.00156	0.02496
1945.968	0.0011	0.02275
1947.474	8.74766E-4	0.02393
1948.98	9.55762E-4	0.02362
1950.486	0.00103	0.02585
1951.992	0.0011	0.02399
1953.498	8.40571E-4	0.02408
1955.004	8.82714E-4	0.02317
1956.51	0.00148	0.02258
1958.016	9.58858E-4	0.02353
1959.522	0.0015	0.02278
1961.028	0.00115	0.02197
1962.534	7.82289E-4	0.0241
1964.04	0.00119	0.02256
1965.546	9.3706E-4	0.02176
1967.052	9.84075E-4	0.02251
1968.558	9.21105E-4	0.0226
1970.064	0.00105	0.02132
1971.57	0.00103	0.01996
1973.076	9.15834E-4	0.02197
1974.582	8.99745E-4	0.02226
1976.088	8.57421E-4	0.0189
1977.594	0.00115	0.0213
1979.1	9.19073E-4	0.02356
1980.606	9.42745E-4	0.02138
1982.112	0.00113	0.02097
1983.618	0.00163	0.02339
1985.124	0.00102	0.02332
1986.63	9.8502E-4	0.02315
1988.136	0.00118	0.01977
1989.642	0.00147	0.0233
1991.148	7.87819E-4	0.02207
1992.654	0.00116	0.02194
1994.16	9.08339E-4	0.02098
1995.666	9.17321E-4	0.01989
1997.172	9.64858E-4	0.02046
1998.678	9.90944E-4	0.02137
2000.184	8.84794E-4	0.02055
2001.69	0.00119	0.02044
2003.196	9.47978E-4	0.02111
2004.702	9.67226E-4	0.02164
2006.208	4.92545E-4	0.02124
2007.714	9.32451E-4	0.02084
2009.22	0.00112	0.01885
2010.726	8.75633E-4	0.02006
2012.232	4.74419E-4	0.01872
2013.738	8.34304E-4	0.01965
2015.244	0.00102	0.01923
2016.75	9.02812E-4	0.01976
2018.256	6.70383E-4	0.01699
2019.762	4.63985E-4	0.01904
2021.268	0.00104	0.01945
2022.774	7.15983E-4	0.02021
2024.28	6.82502E-4	0.01643
2025.786	0.00115	0.01961
2027.292	8.24559E-4	0.02
2028.798	9.96475E-4	0.01855
2030.304	7.80988E-4	0.01804
2031.81	7.37596E-4	0.01855
2033.316	0.00133	0.01999
2034.822	9.36392E-4	0.01816
2036.328	4.63506E-4	0.01798
2037.834	0.00117	0.01693
2039.34	7.92064E-4	0.01888
2040.846	8.50357E-4	0.02096
2042.352	9.01616E-4	0.01869
2043.858	7.90569E-4	0.01929
2045.364	0.00105	0.02181
2046.87	0.00108	0.02156
2048.376	9.28188E-4	0.02044
2049.882	5.76065E-4	0.02065
2051.388	0.00106	0.01966
2052.894	9.42601E-4	0.01985
2054.4	8.14932E-4	0.02065
2055.906	0.00136	0.01991
2057.412	4.68608E-4	0.02214
2058.918	8.95514E-4	0.02178
2060.424	9.51991E-4	0.01837
2061.93	8.43264E-4	0.02034
2063.436	0.00116	0.0222
2064.942	7.87037E-4	0.02109
2066.448	5.37032E-4	0.02063
2067.954	8.35944E-4	0.01938
2069.46	8.15345E-4	0.0188
2070.966	7.48322E-4	0.01833
2072.472	0.001	0.0192
2073.978	4.67137E-4	0.01744
2075.484	0.00101	0.01954
2076.99	9.00843E-4	0.02099
2078.496	8.44517E-4	0.01911
2080.002	8.42737E-4	0.017
2081.508	7.259E-4	0.01679
2083.014	7.68854E-4	0.01795
2084.52	5.99841E-4	0.01882
2086.026	7.31974E-4	0.01839
2087.532	0.00123	0.01644
2089.038	8.06431E-4	0.01717
2090.544	9.54352E-4	0.01871
2092.05	9.50471E-4	0.01847
2093.557	0.00105	0.01937
2095.063	7.91503E-4	0.01931
2096.569	6.35905E-4	0.0194
2098.075	0.00157	0.0202
2099.581	5.88122E-4	0.01883
2101.087	5.44552E-4	0.02059
2102.593	0.00107	0.02189
2104.099	0.00177	0.01956
2105.605	0.00126	0.02323
2107.111	0.0015	0.02291
2108.617	9.10194E-4	0.02128
2110.123	0.00134	0.0206
2111.629	8.06523E-4	0.02125
2113.135	0.001	0.02018
2114.641	0.00123	0.02097
2116.147	5.35299E-4	0.01994
2117.653	9.45308E-4	0.02136
2119.159	7.30651E-4	0.02149
2120.665	0.00111	0.02085
2122.171	0.0014	0.02134
2123.677	0.00144	0.0219
2125.183	0.00229	0.02139
2126.689	0.00142	0.02258
2128.195	0.0023	0.0221
2129.701	0.00235	0.02072
2131.207	0.00164	0.0242
2132.713	0.00187	0.02179
2134.219	0.00246	0.024
2135.725	0.00284	0.02577
2137.231	0.00361	0.02498
2138.737	0.00269	0.02555
2140.243	0.00271	0.02175
2141.749	0.00279	0.0241
2143.255	0.0022	0.02331
2144.761	0.00327	0.02539
2146.267	0.00264	0.02556
2147.773	0.00334	0.02575
2149.279	0.00299	0.02667
2150.785	0.00357	0.02821
2152.291	0.0032	0.02871
2153.797	0.00231	0.02589
2155.303	0.00375	0.02717
2156.809	0.00387	0.02818
2158.315	0.0034	0.02845
2159.821	0.00377	0.02779
2161.327	0.00263	0.0265
2162.833	0.00332	0.02717
2164.339	0.00419	0.02451
2165.845	0.00387	0.02503
2167.351	0.00335	0.02652
2168.857	0.00389	0.02606
2170.363	0.00352	0.02663
2171.869	0.00348	0.02746
2173.375	0.00343	0.02604
2174.881	0.00361	0.02665
2176.387	0.00346	0.0273
2177.893	0.00334	0.02444
2179.399	0.00363	0.02662
2180.905	0.00319	0.02589
2182.411	0.00425	0.02678
2183.917	0.00301	0.02745
2185.423	0.00313	0.0254
2186.929	0.0032	0.027
2188.435	0.00324	0.02863
2189.941	0.0039	0.03001
2191.447	0.00415	0.02705
2192.953	0.0044	0.02665
2194.459	0.00331	0.02737
2195.965	0.00454	0.0274
2197.471	0.00385	0.027
2198.977	0.00402	0.02556
2200.483	0.00377	0.02746
2201.989	0.00398	0.02637
2203.495	0.00378	0.02771
2205.001	0.00391	0.02779
2206.507	0.00386	0.02794
2208.013	0.00371	0.02649
2209.519	0.00386	0.0298
2211.025	0.00443	0.02448
2212.531	0.0049	0.03044
2214.037	0.00525	0.03003
2215.543	0.00532	0.03014
2217.049	0.00512	0.03212
2218.555	0.00555	0.02983
2220.061	0.00536	0.02945
2221.567	0.00532	0.0321
2223.073	0.00553	0.03177
2224.579	0.006	0.03667
2226.085	0.00575	0.038
2227.591	0.00737	0.03684
2229.097	0.00592	0.03541
2230.603	0.00679	0.03675
2232.109	0.00716	0.04294
2233.615	0.00737	0.04309
2235.121	0.0066	0.03726
2236.627	0.00802	0.03951
2238.133	0.00597	0.043
2239.639	0.00615	0.04007
2241.145	0.00703	0.04065
2242.651	0.00873	0.04145
2244.157	0.00707	0.04035
2245.663	0.00778	0.03939
2247.169	0.0078	0.04077
2248.675	0.00911	0.0425
2250.181	0.00954	0.04314
2251.687	0.00896	0.04268
2253.193	0.01014	0.04316
2254.699	0.01036	0.04709
2256.205	0.00957	0.05072
2257.712	0.01199	0.04815
2259.218	0.01065	0.04704
2260.724	0.01126	0.04822
2262.23	0.00993	0.04774
2263.736	0.0117	0.05266
2265.242	0.01244	0.04964
2266.748	0.0128	0.05609
2268.254	0.01209	0.05359
2269.76	0.01418	0.05614
2271.266	0.01416	0.05804
2272.772	0.0157	0.0596
2274.278	0.01582	0.06765
2275.784	0.01599	0.06523
2277.29	0.01533	0.0678
2278.796	0.01838	0.06753
2280.302	0.01887	0.07559
2281.808	0.02045	0.06876
2283.314	0.01906	0.06989
2284.82	0.02099	0.0735
2286.326	0.02139	0.07195
2287.832	0.02194	0.07814
2289.338	0.01993	0.08162
2290.844	0.02268	0.07515
2292.35	0.02472	0.08481
2293.856	0.02542	0.07934
2295.362	0.02695	0.08938
2296.868	0.0254	0.08873
2298.374	0.02757	0.08605
2299.88	0.03027	0.09268
2301.386	0.02903	0.08982
2302.892	0.03231	0.09793
2304.398	0.03213	0.10074
2305.904	0.03556	0.10128
2307.41	0.03886	0.11127
2308.916	0.04028	0.10636
2310.422	0.04147	0.11491
2311.928	0.0447	0.11929
2313.434	0.05118	0.13513
2314.94	0.04752	0.13248
2316.446	0.04618	0.13496
2317.952	0.04966	0.12783
2319.458	0.0458	0.13242
2320.964	0.04813	0.13019
2322.47	0.0474	0.1251
2323.976	0.04512	0.13072
2325.482	0.0457	0.12713
2326.988	0.04006	0.12164
2328.494	0.04555	0.11849
2330	0.04441	0.12575
2331.506	0.04508	0.12416
2333.012	0.04642	0.12656
2334.518	0.04133	0.12753
2336.024	0.04534	0.13525
2337.53	0.04427	0.14899
2339.036	0.04648	0.15191
2340.542	0.04482	0.15462
2342.048	0.04146	0.15011
2343.554	0.04345	0.143
2345.06	0.04156	0.14465
2346.566	0.03998	0.1454
2348.072	0.03766	0.15016
2349.578	0.03706	0.14714
2351.084	0.03256	0.13989
2352.59	0.0323	0.13341
2354.096	0.03098	0.13525
2355.602	0.03278	0.1323
2357.108	0.02723	0.1298
2358.614	0.0284	0.129
2360.12	0.02472	0.11834
2361.626	0.02314	0.11801
2363.132	0.02248	0.11486
2364.638	0.0203	0.10857
2366.144	0.01978	0.10504
2367.65	0.01804	0.10395
2369.156	0.01689	0.10266
2370.662	0.01677	0.10597
2372.168	0.01944	0.11897
2373.674	0.01477	0.097
2375.18	0.01489	0.09019
2376.686	0.01261	0.07791
2378.192	0.00957	0.07842
2379.698	0.01104	0.07247
2381.204	0.00939	0.07095
2382.71	0.00928	0.0686
2384.216	0.00998	0.06802
2385.722	0.00807	0.06394
2387.228	0.00696	0.06594
2388.734	0.0075	0.06013
2390.24	0.00657	0.05851
2391.746	0.00707	0.06034
2393.252	0.00633	0.05573
2394.758	0.00667	0.05447
2396.264	0.0052	0.04906
2397.77	0.00627	0.05335
2399.276	0.00499	0.05183
2400.782	0.0051	0.04778
2402.288	0.00557	0.04613
2403.794	0.00505	0.04635
2405.3	0.00422	0.04335
2406.806	0.0057	0.04446
2408.312	0.00431	0.04575
2409.818	0.00452	0.04247
2411.324	0.00414	0.04237
2412.83	0.00413	0.04403
2414.336	0.00357	0.0398
2415.842	0.00323	0.03694
2417.348	0.00253	0.03881
2418.854	0.00276	0.04028
2420.36	0.00268	0.03993
2421.866	0.00349	0.0408
2423.373	0.00275	0.04132
2424.879	0.00344	0.03816
2426.385	0.00378	0.0388
2427.891	0.0028	0.04015
2429.397	0.00266	0.03545
2430.903	0.00278	0.03484
2432.409	0.00272	0.03397
2433.915	0.00241	0.03188
2435.421	0.00247	0.03163
2436.927	0.00279	0.03186
2438.433	0.00183	0.03223
2439.939	0.00277	0.03595
2441.445	0.00284	0.03696
2442.951	0.00272	0.03816
2444.457	0.00291	0.03647
2445.963	0.00256	0.03616
2447.469	0.00182	0.03343
2448.975	0.0017	0.03383
2450.481	0.00241	0.03046
2451.987	0.00232	0.03322
2453.493	0.00202	0.03244
2454.999	0.00206	0.03343
2456.505	0.00214	0.0331
2458.011	0.00193	0.03339
2459.517	0.00242	0.03435
2461.023	0.00209	0.0346
2462.529	0.00346	0.03406
2464.035	0.0028	0.03774
2465.541	0.00349	0.04371
2467.047	0.00294	0.04381
2468.553	0.00301	0.0418
2470.059	0.00404	0.0379
2471.565	0.00289	0.03607
2473.071	0.00229	0.03597
2474.577	0.00201	0.02876
2476.083	0.00289	0.03231
2477.589	0.00266	0.03223
2479.095	0.00247	0.03231
2480.601	0.00264	0.02963
2482.107	0.0027	0.03206
2483.613	0.0025	0.03003
2485.119	0.00215	0.02758
2486.625	0.00223	0.02865
2488.131	0.00192	0.0294
2489.637	0.00165	0.02719
2491.143	0.00228	0.02894
2492.649	0.00241	0.02818
2494.155	0.00201	0.02892
2495.661	0.00226	0.02702
2497.167	0.00219	0.02683
2498.673	0.00142	0.02769
2500.179	0.00146	0.02983
2501.685	0.00196	0.02822
2503.191	0.00179	0.02822
2504.697	0.002	0.02919
2506.203	0.00178	0.0261
2507.709	0.00217	0.02678
2509.215	0.00177	0.02691
2510.721	0.00151	0.02831
2512.227	0.0019	0.0293
2513.733	0.00179	0.0268
2515.239	0.00198	0.02675
2516.745	0.00165	0.0262
2518.251	0.0016	0.02424
2519.757	0.00126	0.02615
2521.263	0.00179	0.02345
2522.769	0.00208	0.02672
2524.275	0.00141	0.02662
2525.781	0.00157	0.02619
2527.287	0.0021	0.02607
2528.793	0.00178	0.02491
2530.299	0.00179	0.02564
2531.805	0.00186	0.02415
2533.311	0.00221	0.0249
2534.817	0.00155	0.025
2536.323	0.0011	0.02507
2537.829	0.00163	0.02737
2539.335	0.00198	0.02609
2540.841	0.00166	0.02396
2542.347	0.0021	0.02624
2543.853	0.00169	0.02649
2545.359	0.00135	0.02663
2546.865	0.00166	0.02535
2548.371	0.00108	0.02632
2549.877	0.00137	0.02542
2551.383	0.00112	0.02588
2552.889	0.00174	0.02443
2554.395	0.00182	0.02754
2555.901	0.00164	0.02509
2557.407	0.00128	0.02518
2558.913	0.00166	0.0267
2560.419	0.0013	0.02573
2561.925	0.00147	0.02517
2563.431	0.00132	0.02519
2564.937	0.00139	0.02519
2566.443	0.00145	0.02767
2567.949	0.00155	0.02537
2569.455	0.00124	0.02562
2570.961	0.0012	0.02441
2572.467	0.00145	0.02565
2573.973	0.00141	0.0244
2575.479	0.00131	0.02732
2576.985	0.00216	0.02416
2578.491	0.00134	0.02341
2579.997	0.00143	0.0272
2581.503	0.00176	0.02493
2583.009	0.00161	0.02597
2584.515	0.00163	0.02315
2586.021	0.00176	0.02251
2587.528	0.00183	0.02649
2589.034	0.00143	0.02509
2590.54	0.00162	0.02396
2592.046	0.00165	0.02531
2593.552	0.0015	0.02484
2595.058	0.00114	0.02339
2596.564	0.00143	0.02508
2598.07	0.00145	0.02468
2599.576	0.00137	0.02462
2601.082	0.00153	0.02375
2602.588	0.00156	0.02251
2604.094	0.00145	0.02484
2605.6	0.00138	0.02255
2607.106	0.00141	0.02379
2608.612	0.00158	0.02511
2610.118	8.86724E-4	0.02189
2611.624	0.00124	0.0219
2613.13	0.00151	0.0235
2614.636	0.00183	0.02409
2616.142	0.00139	0.0236
2617.648	0.00157	0.02373
2619.154	0.00153	0.02278
2620.66	0.00118	0.02458
2622.166	0.00164	0.02599
2623.672	9.74906E-4	0.02427
2625.178	0.0015	0.02352
2626.684	0.00167	0.02235
2628.19	8.70521E-4	0.02214
2629.696	0.0013	0.02173
2631.202	0.00119	0.02316
2632.708	0.00184	0.02059
2634.214	0.0012	0.01944
2635.72	6.53876E-4	0.0218
2637.226	0.00166	0.02178
2638.732	0.00148	0.02063
2640.238	0.0014	0.02087
2641.744	9.50129E-4	0.02295
2643.25	0.00154	0.0202
2644.756	0.00148	0.02015
2646.262	0.00116	0.02272
2647.768	9.10814E-4	0.02116
2649.274	0.00103	0.0225
2650.78	0.0012	0.02361
2652.286	9.63778E-4	0.02241
2653.792	8.32261E-4	0.02181
2655.298	0.00122	0.02193
2656.804	0.00146	0.02325
2658.31	0.00161	0.02284
2659.816	0.00135	0.02398
2661.322	0.00172	0.02201
2662.828	0.00124	0.02539
2664.334	0.00156	0.02283
2665.84	9.94701E-4	0.02543
2667.346	0.00126	0.02431
2668.852	0.00134	0.02217
2670.358	0.00121	0.02392
2671.864	0.00146	0.02403
2673.37	0.00132	0.02298
2674.876	0.0014	0.02154
2676.382	0.00139	0.02186
2677.888	0.00141	0.02511
2679.394	0.0012	0.0237
2680.9	0.00169	0.02305
2682.406	0.00161	0.02267
2683.912	0.00148	0.02278
2685.418	0.00113	0.02405
2686.924	0.00198	0.02496
2688.43	0.00155	0.02435
2689.936	9.0571E-4	0.0234
2691.442	0.00113	0.02212
2692.948	0.00196	0.02182
2694.454	0.00196	0.02402
2695.96	0.00137	0.02312
2697.466	0.00122	0.02465
2698.972	0.00148	0.02344
2700.478	0.00131	0.02529
2701.984	0.00175	0.02383
2703.49	0.00198	0.02404
2704.996	0.00106	0.02273
2706.502	0.00118	0.02411
2708.008	0.00137	0.02306
2709.514	0.00112	0.01922
2711.02	0.00113	0.01876
2712.526	0.0011	0.02204
2714.032	0.00117	0.02095
2715.538	0.00118	0.02356
2717.044	0.00114	0.02361
2718.55	0.0016	0.02396
2720.056	0.00103	0.02203
2721.562	0.00153	0.02287
2723.068	0.00174	0.02233
2724.574	0.0012	0.02421
2726.08	0.00129	0.02548
2727.586	0.00163	0.02446
2729.092	0.00136	0.02343
2730.598	0.00181	0.02494
2732.104	0.00161	0.02171
2733.61	0.00157	0.02479
2735.116	0.00136	0.02255
2736.622	0.00111	0.02551
2738.128	0.00182	0.02399
2739.634	0.00158	0.02326
2741.14	0.00124	0.02473
2742.646	9.89438E-4	0.02232
2744.152	0.00101	0.02253
2745.658	0.00113	0.02265
2747.164	0.00103	0.02241
2748.67	0.00115	0.02339
2750.176	0.00108	0.02443
2751.682	0.00192	0.02413
2753.189	0.00124	0.02214
2754.695	0.00103	0.02193
2756.201	0.00152	0.02232
2757.707	0.00183	0.0248
2759.213	0.0013	0.02348
2760.719	0.00132	0.02281
2762.225	0.00133	0.02252
2763.731	0.00139	0.0213
2765.237	0.00105	0.02288
2766.743	0.00121	0.02255
2768.249	0.00124	0.02354
2769.755	0.00152	0.02186
2771.261	0.00163	0.02294
2772.767	0.00126	0.02148
2774.273	0.00145	0.02163
2775.779	9.12546E-4	0.01931
2777.285	0.00125	0.0211
2778.791	9.37299E-4	0.0209
2780.297	9.44751E-4	0.02185
2781.803	6.23128E-4	0.02136
2783.309	0.0015	0.02078
2784.815	0.00128	0.0218
2786.321	0.00181	0.02157
2787.827	7.64413E-4	0.02152
2789.333	0.0015	0.02154
2790.839	6.01076E-4	0.02134
2792.345	0.00117	0.02176
2793.851	0.00104	0.01993
2795.357	0.00138	0.02061
2796.863	0.00154	0.02003
2798.369	0.0016	0.02099
2799.875	0.00133	0.01923
2801.381	0.00112	0.02087
2802.887	0.00139	0.02128
2804.393	9.63162E-4	0.01948
2805.899	0.00138	0.02154
2807.405	0.00124	0.02061
2808.911	0.00147	0.02191
2810.417	0.00179	0.02065
2811.923	0.00128	0.0208
2813.429	0.00129	0.02141
2814.935	8.78578E-4	0.02062
2816.441	0.00153	0.02175
2817.947	0.00132	0.02101
2819.453	0.0012	0.02063
2820.959	0.00121	0.02052
2822.465	0.00114	0.02161
2823.971	0.00143	0.02307
2825.477	0.00164	0.02193
2826.983	8.32712E-4	0.0199
2828.489	0.00144	0.02203
2829.995	0.00107	0.02343
2831.501	0.00171	0.02106
2833.007	0.00124	0.02198
2834.513	6.33584E-4	0.02207
2836.019	0.00128	0.02081
2837.525	9.96907E-4	0.02085
2839.031	0.00133	0.02189
2840.537	0.00176	0.02076
2842.043	0.00126	0.02295
2843.549	0.0016	0.02047
2845.055	0.00128	0.0214
2846.561	0.00134	0.02336
2848.067	0.00142	0.02069
2849.573	9.85716E-4	0.02326
2851.079	0.00154	0.0229
2852.585	0.0013	0.02135
2854.091	0.00134	0.02086
2855.597	0.00118	0.02393
2857.103	7.66045E-4	0.02746
2858.609	9.83086E-4	0.02152
2860.115	0.00143	0.02213
2861.621	0.00111	0.01855
2863.127	0.00133	0.02018
2864.633	0.00105	0.02071
2866.139	0.00172	0.01993
2867.645	0.00141	0.02018
2869.151	0.00103	0.01838
2870.657	0.00124	0.0199
2872.163	0.00125	0.02023
2873.669	0.00129	0.01867
2875.175	8.90767E-4	0.01939
2876.681	0.0011	0.0212
2878.187	0.00204	0.02052
2879.693	9.98803E-4	0.0204
2881.199	6.92944E-4	0.02045
2882.705	0.00142	0.01935
2884.211	0.00108	0.02074
2885.717	0.00129	0.01956
2887.223	8.39502E-4	0.02017
2888.729	0.00136	0.02068
2890.235	0.00103	0.0227
2891.741	9.47786E-4	0.02023
2893.247	0.00133	0.02028
2894.753	0.00109	0.0197
2896.259	0.00115	0.0191
2897.765	0.00141	0.01984
2899.271	9.51475E-4	0.02052
2900.777	7.9415E-4	0.02126
2902.283	0.00114	0.01923
2903.789	0.00142	0.02004
2905.295	0.00107	0.01873
2906.801	8.4567E-4	0.01939
2908.307	0.00117	0.01885
2909.813	0.00156	0.01959
2911.319	0.00118	0.01965
2912.825	0.00104	0.0214
2914.331	0.00136	0.01981
2915.837	0.00109	0.02033
2917.344	7.76042E-4	0.01949
2918.85	0.00102	0.02139
2920.356	0.00223	0.02059
2921.862	7.4185E-4	0.02095
2923.368	0.00147	0.01935
2924.874	8.62365E-4	0.01973
2926.38	0.00109	0.01791
2927.886	0.00154	0.0201
2929.392	0.00164	0.01991
2930.898	0.00111	0.02057
2932.404	8.99581E-4	0.0201
2933.91	0.0012	0.01944
2935.416	8.80192E-4	0.01756
2936.922	0.00115	0.0181
2938.428	0.00106	0.01879